21 90
22 1
93	91
45	11
74	99
94	29
93	5
74	64
19	19
38	14
66	98
80	5
62	88
95	13
46	42
59	19
38	65
60	27
63	20
57	5
37	83
41	92
29	61
57	85
95	65
80	31
61	82
74	68
6	53
79	73
10	21
12	83
99	37
68	69
81	95
9	4
87	9
92	46
70	83
36	80
12	57
37	83
12	92
11	60
23	34
44	29
82	18
37	49
88	50
71	60
46	98
87	35
81	84
87	87
20	28
53	24
73	45
92	1
58	5
35	25
52	98
76	66
72	36
56	83
57	10
71	69
10	90
71	44
69	88
31	63
70	12
77	87
60	13
28	25
48	86
22	55
94	83
22	11
44	67
47	89
2	31
53	96
36	14
59	54
58	2
65	90
29	49
44	42
93	9
34	9
48	6
8	16
6	9
36	15
14	95
79	69
62	90
37	72
14	7
94	51
1	56
69	86
49	89
90	49
73	29
86	5
97	1
39	42
26	40
34	87
94	5
76	23
25	54
34	71
41	58
32	61
70	74
23	65
39	44
42	4
37	13
67	78
94	64
55	41
76	59
85	65
91	26
99	33
29	10
1	63
58	59
49	94
27	71
2	97
60	19
70	87
6	96
51	20
70	14
38	47
4	19
44	51
96	4
19	60
90	56
41	60
21	22
67	69
77	80
71	34
31	95
83	36
17	1
89	89
91	20
96	34
33	63
59	3
59	11
10	80
49	90
49	58
75	47
64	92
9	60
80	25
30	81
21	86
2	93
99	76
60	62
60	90
44	29
41	82
34	89
28	85
74	23
1	93
44	21
95	5
52	74
38	33
16	47
10	65
20	1
22	98
33	45
78	60
66	78
17	95
99	98
96	44
57	1
88	13
56	96
4	63
76	90
10	54
80	2
85	77
55	79
69	58
60	71
7	39
18	21
41	35
26	98
74	58
92	79
17	90
67	95
20	34
29	2
34	55
54	12
33	55
42	60
85	45
8	73
69	97
41	6
65	59
51	42
79	19
82	52
77	50
41	21
81	19
64	12
51	58
94	78
62	41
72	48
77	34
48	19
89	76
28	40
48	34
4	85
64	26
30	62
89	72
65	37
30	92
63	33
18	81
58	32
5	34
74	13
27	93
41	24
7	44
5	40
54	87
54	36
54	33
46	39
63	89
54	88
81	90
87	48
51	38
78	45
96	48
85	42
85	97
20	88
1	47
18	2
11	5
78	23
17	47
55	56
93	16
81	95
96	85
75	85
21	90
13	52
27	2
6	96
57	19
11	98
63	58
62	78
89	77
33	95
14	67
63	30
29	98
33	72
61	13
66	6
99	7
50	27
90	36
9	91
24	62
26	83
62	57
58	25
53	31
53	82
5	83
66	54
52	73
27	83
60	11
19	2
62	67
86	59
31	10
2	73
46	4
37	99
92	12
51	30
8	71
39	55
12	47
36	58
80	66
84	14
51	3
49	33
11	3
39	11
95	19
16	11
3	2
33	45
45	50
8	72
91	14
27	88
53	56
77	21
17	40
36	25
61	18
13	4
33	93
48	84
18	60
55	5
53	31
24	99
66	40
90	82
97	29
43	63
43	98
82	43
23	5
16	6
81	38
58	92
61	65
76	75
64	14
29	63
74	75
80	11
11	21
83	33
42	31
29	27
70	32
91	52
78	11
16	92
98	42
78	77
15	87
71	14
48	6
66	13
31	36
71	78
47	47
98	18
22	41
19	17
9	83
18	4
32	79
79	65
3	66
83	4
99	26
51	29
8	23
64	18
48	12
36	54
62	52
92	53
81	69
52	84
80	5
61	91
3	42
25	33
44	64
92	64
15	87
80	95
63	58
36	7
33	5
34	20
33	93
52	80
95	13
28	79
59	10
90	22
5	82
66	66
64	57
6	56
58	37
34	74
33	33
29	36
72	33
70	10
31	63
7	37
49	74
48	94
37	82
73	94
13	36
79	80
86	73
91	25
15	9
18	1
35	54
82	30
4	3
7	10
96	87
15	17
20	84
23	29
45	72
40	85
14	40
64	94
28	72
74	40
14	69
34	47
13	90
57	64
2	20
32	67
50	53
78	23
59	79
14	49
41	27
24	14
42	23
96	14
8	69
77	48
98	41
32	38
72	44
54	13
74	22
84	32
16	77
47	38
77	36
57	47
20	18
5	88
67	78
2	8
19	73
95	69
36	30
59	16
71	81
45	67
6	13
2	28
47	79
64	18
9	66
25	16
81	22
17	96
58	73
62	41
99	4
69	1
21	25
58	14
91	30
62	55
35	96
6	84
10	97
20	87
73	57
60	91
51	38
72	10
68	71
76	4
21	16
15	15
52	66
51	88
60	46
54	17
71	98
21	71
69	1
77	45
98	70
39	62
56	97
46	80
35	53
21	78
64	89
53	54
47	3
2	29
15	97
43	34
32	41
12	34
37	18
14	13
37	46
93	28
33	42
16	61
86	3
29	83
90	30
36	11
30	20
67	17
85	25
32	33
13	71
2	10
29	77
18	99
90	50
94	3
47	76
8	55
21	54
59	24
9	6
15	26
93	75
92	37
17	70
6	35
18	9
50	6
64	69
88	62
97	68
55	75
4	89
61	2
44	56
43	45
6	63
13	6
42	55
76	6
28	21
80	58
57	58
77	10
20	39
97	15
81	54
41	19
52	1
82	79
69	18
45	97
5	87
80	34
63	47
14	21
34	28
46	5
79	31
82	54
45	44
30	29
11	85
25	88
6	39
88	52
35	34
68	70
31	67
79	81
57	45
20	45
24	95
9	77
65	74
2	44
98	47
39	74
91	15
15	36
38	24
65	46
6	24
55	27
43	39
86	3
60	58
79	55
58	38
82	94
99	10
97	89
96	9
17	85
41	61
71	4
21	22
64	26
91	94
23	23
14	18
8	3
87	35
84	25
41	1
57	97
51	39
52	4
72	64
59	19
34	89
2	5
78	95
1	54
36	3
55	82
92	30
68	79
11	32
26	27
49	65
28	49
73	86
35	5
19	35
94	61
17	98
54	49
91	12
74	33
76	15
76	33
20	86
43	78
4	67
22	69
40	82
89	69
66	35
61	34
39	59
49	97
98	54
55	76
27	85
10	23
39	22
37	48
49	42
91	50
92	89
60	58
18	48
1	71
48	16
54	32
20	72
11	28
76	34
17	81
64	22
20	35
52	60
70	69
17	79
53	72
77	91
43	11
42	94
76	80
20	37
32	72
83	86
67	99
47	75
64	65
6	46
18	4
31	74
87	69
17	58
25	20
89	22
59	29
49	63
62	39
98	31
99	42
5	40
20	59
77	29
3	13
90	29
48	94
21	42
82	4
22	56
9	40
79	25
93	1
58	29
53	48
8	64
40	63
88	61
30	90
21	91
64	79
87	73
31	53
27	17
40	15
49	47
33	37
80	45
70	17
62	14
18	20
2	90
53	99
14	94
96	59
81	4
26	27
3	68
14	79
19	39
18	17
83	86
54	63
32	31
69	87
2	89
59	39
19	83
58	8
94	57
10	39
8	82
73	53
63	82
41	73
48	75
78	25
19	98
28	92
40	38
40	91
27	11
59	16
86	25
37	36
38	38
94	22
19	56
92	46
2	36
23	82
63	34
26	31
68	55
47	78
24	47
85	8
20	25
95	52
69	8
6	53
50	97
98	72
57	68
29	46
94	46
38	60
40	45
16	83
14	83
49	17
67	77
81	90
50	24
96	27
73	39
80	44
76	80
13	97
98	87
41	41
49	80
32	41
27	68
2	24
24	60
96	74
21	97
67	93
77	81
47	7
61	74
76	42
7	5
53	70
94	41
60	80
49	58
15	21
42	98
40	49
89	96
49	5
79	97
2	55
25	72
71	39
73	30
62	93
56	89
3	56
92	43
80	10
43	96
92	68
17	32
57	59
57	15
85	78
39	40
84	3
99	39
89	72
26	12
50	66
93	89
18	95
58	74
44	76
65	80
14	93
52	84
9	36
17	59
19	29
84	73
48	93
61	34
35	45
52	59
74	50
73	11
56	70
71	55
17	53
85	4
20	80
45	8
15	20
56	85
59	45
30	12
72	74
98	19
59	57
95	14
95	56
80	45
2	28
5	11
58	79
8	50
74	29
52	53
41	18
53	36
32	88
63	66
74	35
91	87
38	9
8	30
50	29
77	14
66	86
31	75
2	88
7	47
2	29
13	99
46	51
10	22
99	8
18	13
69	43
67	60
87	37
96	17
65	94
63	29
27	4
94	87
92	51
79	30
13	49
87	72
11	78
2	77
61	66
45	54
49	91
27	11
56	60
22	24
93	58
88	89
41	77
51	41
22	51
43	74
54	28
74	11
53	95
26	50
44	59
40	26
69	89
80	35
81	46
58	81
10	66
74	85
23	36
72	87
20	10
68	40
17	33
67	70
33	69
56	11
81	85
97	9
24	53
25	39
82	61
50	15
20	19
41	49
28	5
3	21
35	73
19	74
64	51
91	14
58	68
95	70
69	99
9	19
66	60
21	46
45	17
34	44
71	15
88	9
62	19
65	48
29	83
79	81
62	9
77	50
52	33
91	2
40	25
14	87
89	58
65	62
89	10
18	32
44	59
80	91
51	19
4	54
21	80
87	78
69	84
1	33
39	67
59	53
40	4
76	71
28	38
20	94
93	89
15	95
80	70
91	6
99	77
15	96
81	82
52	5
1	70
45	99
44	70
31	26
71	11
51	65
84	74
39	38
99	36
30	36
77	72
49	54
92	84
99	29
20	35
49	31
22	44
84	25
17	84
93	83
71	32
96	87
21	14
13	75
52	23
37	99
69	5
90	93
62	73
34	95
66	70
21	45
75	69
95	92
74	60
18	77
16	59
95	17
73	51
48	61
30	40
15	72
61	54
60	58
63	86
43	54
19	54
60	39
57	16
12	33
21	63
10	24
50	26
15	45
35	25
85	79
65	40
71	42
21	21
75	86
48	81
57	10
36	49
18	41
19	85
41	53
9	23
10	73
86	42
90	15
8	64
76	94
8	66
62	54
42	59
92	76
42	80
13	46
1	24
88	94
27	58
19	3
10	51
44	43
59	27
5	14
57	19
3	75
14	98
5	24
36	43
91	29
90	5
69	67
78	36
38	5
75	20
77	47
56	77
69	40
34	76
6	18
67	45
4	31
94	90
71	94
30	33
48	78
62	98
11	67
26	38
28	19
78	65
20	94
71	30
23	17
32	90
74	97
58	2
44	61
80	54
74	91
46	56
33	79
73	63
16	20
2	28
10	67
29	20
21	37
53	74
82	73
75	75
80	8
49	36
59	11
67	83
69	48
59	96
85	77
55	59
12	15
57	40
16	48
29	82
58	85
83	94
50	17
93	7
63	46
47	91
54	34
12	28
59	61
91	85
42	78
83	94
55	37
17	8
91	8
91	63
80	72
66	82
49	79
39	57
30	57
71	99
75	29
47	16
73	34
31	97
85	26
99	91
19	17
24	7
43	67
15	79
30	15
33	58
61	28
88	68
25	93
55	73
1	42
5	92
84	28
54	87
48	89
97	41
86	44
6	77
85	8
24	42
96	53
69	32
56	77
24	46
28	75
52	53
69	5
77	87
33	37
76	47
63	72
19	27
94	46
9	63
20	97
74	54
44	50
6	32
6	80
71	58
31	56
78	29
20	99
69	32
64	54
85	8
61	70
21	31
2	44
15	7
10	50
9	88
55	31
38	2
28	30
72	28
59	87
87	74
39	66
17	88
49	15
7	93
86	51
25	31
9	42
86	85
51	89
55	5
1	66
53	17
28	83
35	46
92	62
80	38
29	95
18	70
43	3
87	12
49	93
85	54
34	22
47	74
53	20
54	95
35	8
24	52
4	83
18	97
52	89
18	46
2	20
47	64
2	40
4	37
22	94
40	72
77	15
89	97
35	58
54	19
88	77
73	74
45	86
47	11
38	40
2	19
67	76
72	44
35	89
1	42
13	72
32	91
99	65
89	56
11	35
36	69
35	3
91	33
53	49
19	87
26	77
87	27
53	26
98	25
38	52
96	4
22	82
37	5
47	36
21	38
2	67
91	70
44	76
37	32
85	54
61	32
82	36
80	85
56	34
71	37
97	64
47	79
51	98
33	57
57	14
33	18
13	73
80	62
17	91
10	94
62	18
54	9
81	27
26	84
82	97
60	4
42	81
43	91
39	82
92	33
70	77
28	2
36	8
40	20
66	51
26	14
33	5
15	66
69	5
33	41
4	49
26	93
42	61
67	72
73	56
8	21
36	72
3	95
56	3
63	5
19	9
66	26
81	92
60	81
92	77
94	34
84	94
52	56
38	8
58	85
81	19
26	80
31	19
16	83
13	59
38	59
97	59
78	20
90	51
37	90
32	29
42	95
44	13
93	23
52	17
83	78
21	18
47	84
30	15
4	2
82	49
66	23
11	23
11	68
5	97
92	78
67	10
39	94
77	68
84	77
81	50
10	19
51	1
20	65
66	36
45	28
32	59
94	93
38	8
66	64
26	61
14	19
3	42
11	81
33	68
52	7
88	65
87	37
97	26
75	84
8	84
81	72
22	56
42	36
12	29
85	5
16	36
12	45
78	42
28	57
94	48
24	99
49	61
41	91
52	48
70	40
76	85
86	5
61	32
20	10
40	46
39	31
57	76
97	91
75	59
48	20
40	51
57	97
85	46
26	46
1	39
65	15
38	75
97	15
23	77
31	99
93	43
67	78
65	84
95	51
22	57
78	53
61	57
60	62
90	36
61	52
31	57
24	26
85	73
90	47
94	94
30	14
92	73
22	11
30	52
28	38
5	59
98	92
67	33
60	54
20	14
36	6
33	4
33	58
35	20
30	65
18	23
91	60
91	95
5	19
23	15
77	50
38	26
74	89
8	87
56	61
47	13
63	38
78	68
32	26
95	86
76	28
20	26
1	32
1	87
65	88
46	31
53	66
1	93
52	69
8	66
43	93
37	60
66	35
58	91
80	78
7	60
96	42
23	14
7	19
52	26
66	47
35	16
3	14
74	11
1	41
30	18
39	21
18	67
77	19
55	97
19	61
52	41
72	2
36	20
71	80
28	91
16	58
25	3
31	39
90	47
18	96
65	72
84	55
18	12
59	66
75	1
1	97
27	43
74	85
52	60
59	47
11	56
98	58
71	20
3	27
80	76
31	9
64	94
61	21
34	81
16	93
22	83
88	56
40	3
44	6
93	49
54	31
30	23
73	55
8	44
56	71
33	48
12	40
37	49
31	42
81	57
14	55
84	63
75	67
48	82
55	93
12	37
62	61
2	48
60	66
65	94
10	25
95	86
3	64
36	61
17	65
14	80
58	51
22	24
15	48
17	90
92	14
67	35
9	39
65	87
40	86
59	77
58	14
46	98
24	47
87	86
25	59
6	38
67	95
30	36
18	16
1	28
69	36
30	32
89	77
39	24
63	99
63	24
59	84
69	51
48	81
47	9
48	92
57	85
2	60
89	80
44	6
63	30
83	72
25	71
82	14
15	10
15	69
41	37
96	9
66	17
22	62
7	70
70	52
89	85
13	92
6	32
74	76
81	19
7	74
63	74
80	65
94	80
72	26
12	40
88	58
45	47
77	92
49	76
49	62
91	59
58	57
47	35
75	2
2	49
34	51
85	18
18	72
17	45
89	64
96	26
18	69
50	82
33	93
78	71
87	88
74	52
11	16
80	3
90	81
20	77
10	78
86	58
94	59
90	1
64	44
25	10
80	66
99	37
69	29
5	93
14	4
34	46
58	25
96	65
95	90
51	78
23	44
32	57
75	84
66	40
92	26
64	11
14	1
35	15
40	12
34	67
36	93
72	41
28	85
87	99
91	32
45	3
68	8
78	22
77	76
51	8
49	93
4	47
82	21
90	83
7	76
9	73
35	26
21	22
62	63
79	97
40	42
75	47
37	99
22	60
17	26
97	80
71	84
30	50
97	45
91	6
18	92
11	17
64	2
36	14
22	20
70	43
90	92
99	16
45	30
67	72
56	30
90	80
31	65
88	87
83	75
40	18
55	21
57	65
96	1
8	70
75	12
54	30
17	18
69	77
63	23
3	59
90	89
28	99
17	12
36	46
69	49
27	43
41	60
15	43
96	54
85	41
27	28
64	96
57	25
22	97
31	43
31	16
40	40
30	92
4	28
41	68
77	74
55	20
85	87
8	76
42	97
85	54
40	15
7	30
91	20
55	97
99	41
46	86
67	52
31	93
47	8
85	95
29	85
21	19
56	8
3	23
31	30
25	51
38	18
56	50
93	20
77	95
41	53
77	51
53	82
16	18
49	92
55	78
37	40
77	52
22	24
94	26
61	89
68	39
84	46
54	64
1	15
29	76
22	51
15	34
43	12
33	76
91	98
84	11
87	80
74	6
85	96
44	82
10	6
34	75
34	87
65	70
30	34
1	97
65	24
59	31
10	2
30	97
3	35
94	55
13	56
13	41
86	60
41	58
51	2
53	98
47	90
49	33
60	50
16	67
18	60
71	36
96	22
53	80
18	38
52	95
19	27
88	14
2	81
98	22
17	46
32	87
41	11
22	13
44	71
26	47
43	84
17	81
68	9
34	27
57	50
50	83
4	67
89	66
25	38
26	73
66	96
81	38
96	68
17	67
77	23
77	81
26	38
1	8
49	59
97	54
42	66
7	88
48	69
75	34
62	58
71	10
23	32
35	94
24	82
44	34
37	18
82	92
70	94
99	43
16	86
82	80
28	6
67	11
83	2
87	29
24	48
44	73
14	53
24	81
1	33
78	56
44	88
89	16
92	38
47	33
29	24
43	73
7	40
62	45
19	4
33	25
18	37
40	80
38	11
25	64
15	39
50	73
13	38
42	14
61	79
8	37
43	78
85	79
42	70
44	36
73	25
92	7
14	92
34	88
29	15
70	60
3	71
36	62
52	87
4	88
8	85
84	51
14	69
81	93
1	99
74	32
7	91
29	49
33	19
54	32
14	22
20	48
4	75
75	69
19	54
5	95
93	6
25	83
71	16
43	83
25	57
48	70
84	50
56	90
39	50
96	37
77	50
44	84
80	37
41	82
6	90
49	36
60	92
35	66
67	91
61	69
23	81
10	50
18	73
17	95
52	28
90	70
47	9
64	30
15	58
8	23
35	23
26	53
14	73
27	57
38	51
38	98
37	15
11	3
46	33
71	83
41	14
10	32
63	98
91	71
79	96
64	99
26	26
36	22
49	21
64	12
16	79
95	36
3	46
20	95
23	69
74	44
59	8
35	99
66	78
6	68
27	82
48	33
6	25
35	39
53	59
32	30
45	23
76	77
18	76
91	5
69	18
9	52
23	3
35	82
80	51
21	69
13	18
42	52
8	90
30	44
16	53
90	57
79	66
6	35
35	38
75	74
92	56
80	71
45	24
74	68
20	82
46	94
11	26
53	43
44	69
98	58
91	71
69	41
30	65
90	41
64	48
60	80
19	84
93	94
55	52
65	58
69	23
11	10
3	48
24	85
22	22
71	22
30	5
87	97
4	64
49	8
66	37
6	73
66	29
68	44
47	68
26	3
90	67
98	70
38	38
11	71
94	90
1	31
80	28
57	60
25	88
17	93
54	17
6	49
97	96
1	15
51	37
73	74
70	83
85	67
9	73
98	34
76	65
67	26
12	92
82	96
18	70
72	26
81	31
8	19
29	40
35	71
61	90
88	62
70	3
46	13
59	42
64	58
30	58
72	50
87	52
98	57
83	94
75	13
94	34
95	3
4	35
78	55
63	40
40	9
60	36
82	34
95	84
30	61
25	59
44	94
12	87
3	50
92	37
60	9
18	21
7	46
56	66
36	14
74	39
23	33
45	19
14	5
20	3
22	98
22	91
15	35
62	29
25	72
74	8
50	22
59	7
56	86
5	97
31	80
4	98
37	91
10	66
11	3
5	29
96	69
97	34
50	81
77	33
54	94
77	5
2	48
58	25
62	42
42	92
83	3
32	75
61	39
7	3
92	23
43	95
32	85
55	30
35	27
98	41
3	52
96	35
33	97
69	81
5	1
37	76
92	78
91	73
80	38
56	45
21	59
11	19
15	35
66	90
22	98
66	46
83	94
46	91
33	5
45	16
68	63
4	90
91	84
76	99
89	92
99	31
44	21
85	66
1	26
54	21
37	50
99	28
22	45
20	82
56	76
39	12
9	39
94	99
27	23
5	60
79	64
41	8
42	20
79	27
39	17
5	89
77	19
59	67
98	25
82	67
28	74
13	72
32	96
33	79
68	40
95	10
4	45
41	26
5	79
80	1
97	21
65	51
99	2
49	77
26	62
2	12
70	40
42	35
41	3
89	14
60	34
8	73
41	92
3	9
85	91
24	56
71	34
44	73
56	56
78	90
29	83
21	72
87	64
61	31
58	2
52	38
20	28
77	19
48	40
66	40
55	71
58	80
80	89
2	15
69	72
60	34
74	34
56	47
38	27
96	86
12	44
20	54
88	40
84	86
94	50
61	65
86	67
5	49
91	49
81	76
22	5
20	60
33	70
5	16
45	24
2	63
70	20
10	65
15	63
32	12
46	4
59	43
91	93
73	54
72	37
7	27
96	20
72	43
68	44
34	14
75	38
47	64
27	12
48	49
77	16
58	39
42	59
16	22
89	75
2	89
51	35
19	62
40	98
17	13
92	93
39	53
82	93
39	10
44	48
43	19
70	73
51	99
67	56
92	77
79	43
87	65
2	77
83	28
20	14
56	78
75	24
14	16
4	58
7	75
95	87
62	39
10	26
43	95
90	48
94	28
70	82
56	70
37	45
33	59
78	54
54	5
30	96
60	17
23	96
26	8
92	45
40	25
35	49
12	96
1	86
64	33
14	1
64	79
9	94
50	73
42	42
79	88
77	46
91	9
8	80
78	62
85	95
9	61
54	7
84	45
59	20
33	23
43	69
9	13
28	27
71	42
75	74
40	3
72	60
2	22
96	32
1	32
32	50
83	84
69	43
34	41
42	57
23	7
38	99
50	29
48	2
10	71
39	2
91	63
51	16
85	33
23	40
35	32
21	78
55	81
69	99
70	11
45	26
25	4
7	49
89	27
73	18
4	38
50	12
29	33
86	32
59	21
19	48
97	82
54	27
55	36
98	68
70	82
20	48
87	84
40	39
85	96
4	9
19	92
9	3
61	70
54	65
12	13
81	52
44	70
42	73
44	76
27	75
97	68
90	67
27	52
33	29
46	30
75	84
96	21
92	9
54	63
82	17
16	17
11	18
41	19
34	22
31	27
67	62
1	13
38	72
82	73
99	47
98	61
39	99
37	1
37	72
13	20
23	3
71	23
10	32
19	17
79	30
58	90
27	76
15	84
19	28
66	63
73	58
98	47
88	11
63	80
84	73
99	88
39	21
79	97
48	11
75	59
80	24
85	29
60	70
58	82
48	27
14	94
22	95
12	4
33	76
29	90
16	22
49	71
96	33
51	36
46	21
91	65
27	28
81	13
66	55
91	7
72	61
32	4
47	57
11	48
20	8
55	53
45	12
85	27
5	43
23	37
61	47
49	12
2	63
78	68
73	50
26	30
58	99
89	55
73	69
54	58
61	85
60	38
35	14
81	66
44	25
30	9
28	5
58	37
33	31
22	82
71	17
87	15
66	23
25	86
42	72
51	8
94	81
37	41
94	44
22	1
6	68
46	68
19	92
80	19
44	65
3	50
20	56
96	34
37	82
24	98
27	96
68	79
34	75
21	54
25	37
12	37
36	21
6	46
92	48
18	54
64	21
15	57
63	73
40	55
93	43
30	95
30	67
7	97
32	34
85	45
26	16
83	43
7	34
21	2
34	94
3	12
80	19
60	51
4	87
18	22
21	74
61	53
69	69
34	17
41	14
47	56
45	87
40	70
19	64
17	88
38	44
66	57
61	62
29	39
9	62
53	88
54	95
56	42
1	66
53	80
62	68
18	72
89	63
29	37
3	12
65	90
43	44
60	99
49	8
25	29
35	9
20	14
63	90
47	48
86	38
47	18
22	10
46	96
1	8
79	18
42	6
12	70
73	98
59	45
67	59
74	3
40	9
20	81
36	37
80	99
29	58
49	6
45	53
20	49
22	27
39	67
85	40
33	84
71	4
31	74
12	17
95	88
64	70
11	79
22	26
44	56
57	42
40	39
88	93
13	34
79	44
23	57
36	54
2	30
80	18
21	48
32	36
67	58
67	91
40	33
89	60
93	44
86	86
13	8
37	93
9	38
80	23
82	84
18	33
79	46
24	35
71	19
4	50
64	59
68	35
32	89
62	16
71	43
51	27
59	44
87	46
11	45
42	78
94	37
89	61
46	27
68	11
47	74
97	66
80	35
92	60
51	34
41	75
60	35
43	49
36	60
70	43
48	55
41	89
14	39
10	16
10	97
46	69
19	4
27	97
70	51
3	98
50	99
33	69
17	11
1	92
87	13
23	26
80	84
53	78
34	21
1	65
1	67
26	17
31	6
14	95
37	6
67	96
43	76
24	42
23	68
2	29
1	87
68	75
64	83
93	71
81	1
64	73
75	65
40	67
77	69
40	30
58	55
62	3
90	81
92	3
39	22
27	90
30	57
45	95
80	70
39	52
25	91
78	59
56	16
95	72
11	18
11	39
47	69
60	19
56	72
24	32
51	11
13	66
39	34
7	11
93	41
73	24
35	53
62	28
20	71
28	41
65	41
42	34
66	5
84	97
80	33
39	26
73	9
73	37
60	34
90	94
34	30
73	16
89	1
32	22
86	33
43	65
53	88
22	74
96	57
63	60
57	11
98	5
6	76
96	10
3	63
2	78
44	59
43	75
46	86
94	18
19	82
53	5
31	15
55	20
82	90
79	20
71	69
8	29
1	81
88	33
26	18
73	52
91	77
54	55
48	46
45	13
58	19
52	28
90	86
10	3
36	70
36	69
49	63
86	97
12	29
22	30
97	48
72	93
43	21
2	69
65	66
40	52
97	13
7	97
88	29
98	62
21	57
16	87
26	58
3	72
12	30
31	88
44	84
46	73
97	81
86	84
96	28
81	77
45	1
38	12
57	25
52	40
20	43
85	31
4	76
58	23
74	70
24	74
81	43
56	98
70	41
17	15
83	40
47	74
13	89
5	48
22	4
84	58
11	41
30	43
56	54
48	3
89	6
22	91
21	13
77	18
89	91
12	15
27	89
63	43
7	4
78	91
71	8
36	52
20	81
45	69
67	79
70	3
91	21
56	35
27	31
80	82
16	15
19	50
90	12
57	77
46	77
54	30
60	72
4	12
6	28
65	64
67	64
20	93
78	35
26	55
41	5
88	15
52	85
30	41
79	82
47	64
67	67
89	81
7	38
58	73
89	99
9	15
15	88
59	54
36	86
89	27
68	43
20	33
17	93
50	47
67	35
98	77
11	83
37	69
8	3
24	94
12	44
63	90
14	98
79	59
39	41
66	57
69	33
88	27
70	19
56	93
80	59
42	69
23	54
33	31
25	52
43	34
70	62
5	82
84	78
85	24
23	90
76	93
68	67
87	67
95	49
86	41
10	73
51	41
80	90
5	44
45	94
72	5
87	99
43	9
30	13
51	47
2	75
37	3
27	61
13	42
59	51
14	48
2	15
85	18
49	17
62	4
37	57
73	7
31	40
93	33
56	83
59	14
70	26
98	56
72	37
76	99
33	15
82	77
32	82
6	33
63	28
24	63
44	46
63	31
34	56
49	13
57	67
20	16
87	14
28	64
9	64
50	76
88	50
22	32
57	89
98	88
16	77
42	97
54	58
12	64
7	47
41	69
84	96
73	4
26	5
28	99
36	16
22	24
89	11
82	42
23	74
52	46
12	73
75	90
80	11
15	88
7	67
52	78
90	17
80	40
32	81
63	29
13	69
92	18
84	60
81	51
25	50
2	66
40	13
5	90
30	36
5	40
30	99
8	63
39	92
74	52
17	66
15	37
45	71
46	69
20	81
93	30
86	71
19	74
71	18
44	52
60	62
93	43
5	16
63	4
88	81
91	93
74	16
14	93
36	20
35	14
49	83
37	58
53	70
73	82
32	86
31	71
72	61
43	31
37	59
23	79
75	36
48	83
65	39
41	9
90	29
21	35
43	98
76	94
61	24
32	56
74	14
42	79
47	47
65	50
8	72
97	89
56	63
83	59
58	44
7	14
49	77
91	87
30	2
4	32
39	29
38	14
61	42
97	25
68	90
6	53
25	99
14	58
64	45
54	68
41	82
24	37
74	61
49	13
16	19
1	98
72	71
22	40
6	48
4	54
57	24
5	23
88	25
78	26
11	40
49	29
13	51
90	92
12	27
29	66
69	87
39	21
33	85
29	20
31	67
90	16
79	36
18	84
78	69
52	63
51	40
93	59
22	71
24	23
97	53
54	51
61	54
78	13
18	75
18	68
13	30
46	90
51	52
77	16
87	68
67	82
69	22
61	67
69	72
7	79
79	43
48	93
75	7
7	15
69	99
94	60
22	73
27	26
28	49
9	94
74	98
54	96
42	59
92	39
91	27
79	6
37	80
68	86
60	88
25	3
89	48
56	87
39	47
34	62
49	12
96	25
84	3
71	58
22	25
11	32
41	92
11	29
60	44
86	61
61	96
45	47
36	38
61	29
65	45
74	33
15	78
18	8
6	69
38	51
90	56
37	69
6	20
31	67
56	82
93	94
22	67
2	23
52	26
11	50
36	20
82	17
40	93
75	63
70	31
68	87
58	24
76	40
2	89
75	10
90	38
74	88
63	79
9	39
52	83
60	48
70	51
18	87
73	58
94	97
98	13
13	51
10	7
39	66
66	17
36	90
69	93
23	42
2	69
68	17
93	6
35	31
50	73
12	99
80	47
93	27
31	42
1	74
65	49
27	32
56	20
77	48
55	4
48	50
88	53
63	88
14	84
95	44
17	2
79	97
83	85
29	37
30	28
6	94
76	70
38	75
20	55
38	90
66	8
95	88
79	85
66	4
80	38
52	35
57	78
29	6
35	16
6	91
12	49
41	81
58	15
63	18
85	47
31	72
51	52
52	71
17	71
90	45
94	36
82	92
34	72
50	63
69	68
70	47
81	83
56	21
17	86
1	58
80	94
13	49
12	79
70	38
96	53
89	18
72	49
99	94
37	51
83	84
53	20
10	32
65	13
67	20
20	24
29	40
90	83
6	97
49	6
56	42
52	45
54	68
80	69
28	83
30	92
74	13
60	66
8	53
50	90
39	39
99	38
12	55
34	94
19	77
17	65
91	29
45	60
81	82
62	45
6	52
74	76
36	60
41	41
46	70
35	90
27	1
85	14
66	88
43	96
8	44
16	54
29	98
74	18
7	14
8	5
26	3
59	97
36	62
24	52
6	22
20	23
35	70
65	53
97	68
52	42
93	75
41	74
30	41
26	60
98	45
99	79
24	24
59	44
16	68
55	96
51	77
89	10
10	51
19	36
31	7
34	22
1	93
71	19
13	1
66	48
30	20
46	88
29	54
97	55
68	79
25	53
89	51
71	39
59	4
18	32
11	86
62	1
89	98
20	40
48	3
13	6
38	92
57	58
33	81
72	71
92	55
1	5
34	95
36	64
24	58
59	17
96	57
68	3
22	60
89	6
39	38
10	45
46	67
96	10
45	20
40	82
25	86
33	25
86	9
27	74
50	78
59	57
90	3
28	94
86	80
32	75
75	35
54	46
65	73
61	62
54	99
71	61
88	12
22	77
89	1
76	38
93	76
96	61
7	68
20	81
22	62
78	19
21	85
38	57
75	45
4	85
81	67
35	29
87	31
65	91
50	1
84	32
82	72
8	57
66	60
82	28
98	48
6	62
31	45
42	38
66	96
12	38
69	19
48	8
23	37
82	9
31	45
76	62
73	15
32	5
64	48
53	6
83	93
83	44
50	76
73	23
44	89
95	4
35	27
17	32
34	86
89	51
50	99
31	79
72	42
99	21
93	40
15	12
45	19
93	32
6	36
7	76
26	54
81	77
27	36
50	94
6	19
70	45
97	46
57	77
68	42
19	4
72	95
17	61
31	42
80	65
15	1
92	47
30	53
18	90
38	80
69	28
66	20
84	8
23	45
59	46
48	28
68	83
55	53
4	99
71	60
30	34
44	14
35	21
58	80
35	49
43	38
50	96
66	21
93	27
58	14
11	33
52	99
13	25
34	22
21	25
99	96
65	89
21	18
10	6
27	89
53	61
6	67
92	97
21	33
22	9
44	49
31	30
18	21
53	10
28	7
29	12
45	62
72	88
15	29
36	67
72	64
28	61
44	88
42	81
44	43
49	93
35	29
45	29
69	77
23	46
9	56
7	38
51	71
67	42
58	12
28	39
57	7
1	88
48	45
34	48
16	35
97	15
93	47
86	50
35	40
65	23
8	56
92	83
35	32
13	92
54	87
36	87
41	9
40	34
47	17
68	85
10	47
70	87
57	59
36	19
14	63
29	62
11	10
59	27
64	77
88	31
29	45
76	78
19	61
51	43
69	33
29	48
37	6
75	76
96	96
85	85
72	90
75	6
92	3
45	27
65	71
49	46
12	37
21	74
11	64
95	76
80	58
76	60
48	35
75	27
33	87
81	76
68	3
27	68
53	29
68	53
49	16
45	40
12	8
88	23
62	42
36	93
60	94
62	47
1	94
2	19
58	22
25	39
75	11
39	35
58	85
65	8
79	79
55	86
71	85
61	60
13	16
77	90
76	12
63	77
7	36
84	5
53	48
14	60
48	89
88	63
24	48
45	70
9	88
69	71
99	85
77	83
34	69
5	39
24	4
72	74
19	38
58	62
60	73
63	23
74	9
46	49
95	97
12	16
88	22
73	27
12	25
95	60
22	51
27	89
49	6
39	65
88	7
81	16
88	67
24	75
19	3
20	91
38	88
65	78
74	90
34	6
18	46
25	97
76	26
95	58
81	25
30	83
71	51
6	14
85	94
35	77
6	30
37	73
93	13
34	52
85	77
44	3
91	85
85	49
68	79
90	86
59	58
3	46
75	37
14	34
39	3
47	62
58	55
80	50
2	7
23	58
50	83
55	34
50	47
12	81
75	36
48	49
57	93
24	83
37	28
19	23
56	87
74	7
48	51
78	33
17	83
17	24
83	70
58	90
68	97
20	22
13	59
92	64
8	49
1	34
71	48
70	9
24	34
88	77
75	58
3	42
29	58
15	23
37	21
78	9
98	31
52	40
53	71
89	44
89	89
50	98
49	55
2	84
12	47
86	46
65	78
55	14
35	81
64	49
70	49
64	22
99	35
90	2
92	75
21	79
69	2
89	5
10	67
38	33
69	46
10	86
48	12
51	23
20	76
84	26
11	9
69	58
44	33
86	48
38	26
21	71
93	6
35	64
29	55
38	58
36	4
85	81
92	43
45	12
19	49
18	25
36	14
43	12
12	95
15	37
24	73
44	82
84	95
86	35
25	50
57	48
75	43
88	56
46	85
72	9
96	39
87	93
68	69
38	52
19	60
91	48
70	74
72	18
2	99
68	28
56	11
9	28
13	92
61	78
15	85
38	53
56	24
55	8
11	86
52	77
74	80
36	21
87	22
81	1
4	89
89	12
45	12
20	78
60	10
37	80
73	72
54	3
67	56
80	20
59	94
91	58
54	44
1	98
59	78
2	13
82	95
16	40
35	88
13	72
82	93
60	93
37	92
65	87
84	99
37	71
13	91
89	40
68	92
51	45
56	8
48	19
46	57
31	53
10	26
36	4
60	66
48	19
97	21
91	3
39	85
19	54
84	25
98	60
85	69
86	21
69	18
49	65
42	88
45	16
52	31
24	58
90	3
29	81
60	65
28	38
31	71
20	1
41	99
12	19
49	13
81	88
57	45
23	98
84	85
68	80
16	74
13	81
26	70
58	18
82	14
20	11
62	69
16	41
28	76
51	38
87	42
37	33
76	45
90	71
36	99
64	27
93	32
24	7
86	44
50	28
48	65
9	71
93	99
37	81
81	55
52	53
15	1
89	80
61	86
61	43
61	20
16	19
21	37
89	22
83	97
79	55
17	34
88	24
11	49
68	15
15	85
48	68
64	10
89	93
63	98
61	8
14	59
63	64
6	71
53	51
7	5
92	81
41	76
4	98
59	11
53	50
14	4
54	80
11	10
14	58
5	87
48	48
69	11
54	35
37	15
25	87
15	69
10	94
73	53
47	32
2	8
90	10
51	20
19	11
68	28
96	41
12	74
58	23
22	43
68	66
72	11
67	1
53	1
66	88
75	50
77	42
83	8
57	64
71	20
74	15
64	69
99	76
33	40
22	38
63	71
27	51
6	24
73	68
83	44
16	60
59	16
83	55
13	21
54	68
89	13
73	36
63	50
82	47
36	73
78	56
71	72
88	60
42	85
77	14
20	40
71	68
38	16
88	89
99	36
57	80
35	17
63	67
47	39
78	25
39	55
72	46
87	50
50	7
88	58
46	32
40	19
88	15
38	74
85	52
5	21
54	64
24	20
3	4
80	39
40	99
27	49
10	87
32	74
44	81
10	82
47	58
87	76
97	98
24	96
88	80
35	47
78	86
21	40
71	89
15	24
10	63
49	46
42	89
30	2
57	50
42	40
89	53
75	74
87	10
66	53
46	26
64	15
94	69
68	87
86	27
84	95
39	99
2	76
62	4
3	95
60	54
39	69
59	38
80	49
83	36
85	20
39	8
70	16
86	27
18	57
16	15
56	50
99	65
92	53
49	11
88	92
17	19
76	9
15	9
3	83
76	56
2	81
97	90
11	24
75	54
80	53
91	91
35	72
81	34
75	57
36	28
29	45
91	94
4	10
90	68
59	99
42	3
87	66
63	42
30	81
12	99
97	75
98	46
72	67
9	38
55	8
37	95
77	24
71	12
36	52
88	91
86	62
44	59
4	92
46	42
11	82
4	20
59	94
12	48
45	48
67	68
10	70
65	16
32	65
2	23
64	49
57	45
14	24
80	99
78	62
72	96
48	48
66	37
31	69
31	58
79	12
94	51
87	52
48	95
31	47
87	36
54	61
97	43
81	64
80	6
23	91
56	53
67	3
22	3
14	56
48	20
19	55
73	66
54	75
96	22
50	32
38	42
18	35
9	24
70	13
32	71
77	7
52	91
59	30
32	12
27	56
8	88
26	49
5	33
77	34
37	90
83	89
37	59
49	55
7	31
45	43
69	55
55	36
71	39
69	54
51	40
69	64
50	82
85	46
87	45
68	66
29	8
46	73
44	88
99	38
34	56
8	68
42	34
5	6
55	93
15	59
45	54
43	92
59	95
24	25
81	45
19	97
26	30
56	72
8	46
60	58
9	86
17	25
53	84
56	68
30	97
33	3
54	24
36	11
59	62
58	81
78	38
50	11
36	79
71	35
6	26
19	66
33	98
19	7
90	10
77	61
5	42
49	37
87	99
36	67
65	13
77	49
4	38
39	92
86	52
40	99
23	29
89	73
28	77
15	57
16	44
33	54
76	24
67	82
80	34
37	16
29	75
31	83
81	20
45	19
65	68
53	87
86	98
98	79
89	29
85	2
21	47
16	60
53	1
56	55
18	92
95	40
20	2
64	96
65	86
35	56
70	73
50	12
10	52
37	59
29	9
3	60
17	34
3	4
27	98
84	48
91	55
21	59
32	19
5	41
58	49
28	49
44	85
8	69
31	93
52	19
59	69
84	72
8	50
8	6
99	26
10	24
93	28
80	25
3	34
48	83
81	18
35	44
69	96
33	55
37	9
26	63
89	22
41	43
97	79
24	72
11	89
56	77
46	18
49	85
1	84
40	7
39	41
97	23
48	61
71	77
65	74
95	29
62	25
80	34
29	39
5	71
27	69
87	44
19	37
51	32
17	9
34	81
43	72
94	4
81	24
34	16
95	65
47	55
69	69
3	41
44	20
87	58
34	84
77	37
44	36
33	47
60	1
21	32
51	34
70	1
54	32
57	68
16	20
60	2
50	15
68	25
81	42
58	18
66	36
49	91
82	29
4	26
15	40
40	73
50	63
26	72
14	5
27	54
89	74
91	89
75	76
38	32
6	36
51	95
21	7
30	28
74	56
94	14
12	13
83	42
76	71
78	39
93	14
73	71
83	54
52	11
74	67
86	35
23	88
10	13
15	48
54	27
29	76
68	50
12	66
42	56
13	92
75	31
89	34
19	66
16	81
45	71
52	27
59	76
28	88
82	73
60	86
77	29
97	13
36	27
56	22
31	43
96	35
28	93
76	96
7	4
65	56
76	17
83	70
30	22
37	84
19	74
30	86
74	63
54	13
22	57
84	6
74	69
18	11
51	17
18	78
76	91
34	5
13	96
29	23
65	99
42	15
62	76
98	30
98	59
83	88
24	48
77	11
47	29
98	60
93	15
78	20
51	59
52	90
54	42
10	7
91	92
23	21
30	41
73	19
20	28
23	91
3	94
63	91
95	68
86	17
82	78
94	52
9	43
3	24
15	46
76	93
45	81
27	5
7	81
90	33
21	10
4	97
67	18
51	27
56	22
45	16
79	49
70	32
34	95
38	16
60	32
19	57
49	98
46	96
15	62
25	37
7	44
78	86
36	62
50	42
21	30
77	93
47	34
60	84
26	73
14	99
11	76
62	65
78	8
44	3
85	83
16	88
62	11
33	47
63	90
65	84
44	2
27	84
31	85
91	1
16	50
11	6
5	4
94	29
24	29
69	23
51	9
93	19
17	11
18	79
96	70
96	28
78	50
27	6
25	30
35	23
25	79
42	99
34	48
20	37
71	18
80	74
34	81
49	68
96	8
71	41
13	82
22	77
14	45
37	27
27	45
77	31
87	82
20	7
97	68
19	91
26	55
41	37
79	39
44	10
72	19
26	9
39	69
85	79
56	15
25	91
61	71
76	21
43	58
20	35
59	29
32	31
50	44
70	87
85	6
13	76
62	18
23	16
94	2
33	97
54	55
17	39
79	92
60	14
29	85
24	55
25	30
24	92
28	92
50	20
55	75
47	74
60	52
70	56
87	55
26	71
34	3
30	21
67	43
95	33
67	74
10	8
90	38
42	46
90	69
62	59
17	61
62	22
48	93
40	29
35	82
57	62
5	44
62	82
69	44
84	74
61	86
30	95
78	20
34	27
21	86
53	62
99	97
77	1
23	78
81	92
47	96
69	74
59	88
95	69
5	40
20	99
21	20
18	21
36	31
16	95
50	25
81	63
85	36
48	8
62	8
30	32
57	11
86	84
63	53
33	47
70	94
74	16
43	40
94	85
31	35
10	66
15	51
3	16
78	92
17	29
37	2
61	28
74	8
81	4
7	20
22	36
63	74
54	17
83	49
18	19
23	34
37	40
24	63
6	21
88	96
26	87
16	48
21	60
29	68
26	1
19	67
20	43
6	80
37	1
48	65
13	41
54	70
22	12
85	30
62	76
61	10
21	19
13	18
87	29
70	84
49	54
10	39
30	68
82	67
86	17
94	95
91	86
48	1
54	94
7	11
51	87
65	67
99	43
91	38
81	37
98	66
52	62
65	74
32	53
17	49
68	33
47	79
3	52
66	29
68	21
51	18
2	2
42	99
22	54
97	54
53	55
42	64
14	41
89	16
85	3
75	87
21	85
44	52
91	10
37	13
87	59
68	16
55	56
88	15
82	23
68	6
4	80
13	85
87	54
16	24
76	34
91	10
78	69
58	74
55	57
5	14
32	28
97	9
43	27
23	14
3	20
88	86
65	19
97	55
16	33
52	9
31	92
9	92
30	87
18	92
68	19
18	60
51	36
33	12
11	33
18	45
43	11
39	57
78	67
97	2
11	72
87	70
30	28
73	77
10	14
32	84
7	27
23	11
50	29
14	18
31	3
7	60
70	43
86	58
57	94
99	90
92	59
70	85
61	89
35	60
79	12
60	15
98	82
9	79
12	59
67	80
84	50
9	69
57	92
56	55
94	15
23	21
27	94
36	89
29	64
29	32
94	82
18	61
75	74
7	7
17	45
33	29
89	65
65	73
23	32
98	61
60	79
81	95
75	97
71	57
17	58
25	86
19	60
9	92
12	7
93	7
98	25
38	6
6	42
23	36
59	9
68	30
41	26
40	27
98	49
69	23
53	40
24	18
77	73
34	62
26	20
25	31
16	32
35	77
30	88
66	78
28	81
92	93
67	35
55	80
71	40
59	18
94	81
79	33
40	37
61	79
85	35
65	28
14	86
98	10
48	84
47	57
85	85
82	35
83	8
42	20
44	91
67	64
15	30
74	92
14	92
47	73
32	61
5	58
91	47
38	66
15	65
80	2
70	66
31	60
18	76
53	95
96	74
34	45
29	96
90	25
80	72
10	42
69	70
19	75
54	35
44	77
59	68
5	45
91	35
58	26
33	30
86	25
22	37
24	13
90	22
94	45
20	64
89	68
40	46
80	87
80	39
26	58
1	39
12	81
2	66
31	2
69	21
20	2
10	73
73	16
37	5
10	35
60	31
64	38
30	25
9	55
6	81
7	14
9	35
64	18
54	42
74	53
84	60
62	96
42	60
82	74
87	94
77	43
91	85
33	90
91	70
14	70
41	28
27	87
32	54
32	93
65	7
72	32
59	7
10	82
96	3
74	19
4	51
46	93
55	47
10	65
1	36
42	37
76	24
22	66
46	43
94	80
54	87
35	89
43	26
96	51
66	13
49	10
71	76
58	44
38	66
93	61
75	65
19	39
81	15
92	74
15	68
18	54
92	61
21	25
30	43
98	96
66	73
78	77
85	86
39	9
75	11
82	31
43	2
31	27
7	72
94	46
95	30
58	97
34	97
66	99
10	52
77	63
35	61
86	62
37	70
31	98
76	5
35	67
92	12
41	2
37	31
69	39
12	5
34	22
68	60
47	20
62	80
16	53
2	17
62	65
23	23
89	68
51	74
41	22
62	37
79	59
52	53
84	58
13	55
69	7
89	2
83	66
45	67
51	38
69	95
40	16
30	34
94	4
56	82
67	22
27	72
94	52
74	53
19	7
24	58
26	72
9	71
55	96
18	36
3	39
52	86
7	17
30	40
68	26
13	73
49	64
73	18
39	18
23	91
3	15
95	88
39	46
71	4
98	66
27	3
97	85
42	53
28	98
64	44
83	15
57	4
38	2
23	8
26	60
52	74
21	88
27	66
88	91
3	52
18	91
69	99
21	5
1	67
80	22
64	24
45	76
26	98
84	59
38	97
2	16
55	97
17	13
21	49
93	82
42	36
88	82
60	27
47	39
37	59
97	77
46	24
82	35
15	42
68	90
44	84
71	95
60	35
88	59
51	71
34	82
87	92
5	98
49	10
97	87
95	39
60	39
42	3
80	44
92	53
32	37
64	26
40	32
83	53
74	90
36	48
54	92
37	86
97	3
59	54
81	57
59	4
17	65
33	38
59	75
79	6
30	39
73	22
79	5
99	23
6	70
8	40
10	31
51	47
33	94
49	49
83	17
97	40
34	77
80	5
44	27
55	44
51	91
10	48
59	76
45	60
52	3
9	27
35	59
66	6
50	57
23	70
37	4
73	70
97	1
39	10
43	48
55	74
19	26
89	53
94	51
42	82
48	80
50	30
90	27
51	96
7	54
23	73
21	67
47	22
73	38
39	36
90	6
73	4
63	53
59	26
81	68
59	80
18	45
89	61
28	26
19	4
52	46
84	7
35	34
58	42
56	45
74	46
63	95
64	93
3	3
3	91
77	27
70	81
57	21
28	79
15	6
97	95
51	32
22	51
19	92
35	74
26	79
89	70
10	6
3	68
76	24
22	67
47	15
6	19
65	55
68	81
31	96
64	24
80	35
75	91
82	25
26	26
37	34
61	56
20	20
86	98
26	31
13	88
46	78
25	54
6	8
66	25
10	62
41	46
93	29
35	89
82	94
65	99
22	47
56	62
65	53
96	19
69	97
52	59
68	89
90	43
1	58
40	64
28	12
56	69
99	77
67	92
48	88
27	1
43	6
76	65
11	10
95	27
96	34
19	11
55	93
62	57
19	5
77	5
96	48
23	98
52	39
58	16
37	92
41	98
24	31
17	37
39	72
98	31
74	84
24	31
10	39
94	61
9	51
52	1
35	2
72	96
6	69
17	47
24	25
40	87
68	80
37	69
98	10
26	8
87	95
82	20
39	31
86	25
10	84
38	68
36	49
35	46
32	38
6	99
73	14
62	19
78	1
96	64
26	59
13	96
46	34
59	59
47	9
33	71
7	34
90	29
76	70
92	62
41	32
16	79
18	59
48	55
26	5
61	36
54	64
64	42
6	80
58	75
35	88
59	88
54	53
1	31
27	26
71	76
83	25
10	78
34	31
4	85
69	80
33	24
79	40
19	5
2	52
20	1
66	40
62	2
30	70
82	37
35	32
23	2
50	15
23	41
92	21
64	56
25	69
50	78
8	79
86	56
58	93
76	45
39	29
45	96
29	58
40	49
14	70
47	48
60	8
46	62
44	16
7	84
46	95
53	44
27	16
7	20
8	57
22	32
96	58
37	16
54	9
60	43
28	44
49	89
59	42
76	63
40	48
26	35
87	74
87	95
67	90
85	42
32	61
33	75
54	85
42	87
15	18
82	25
83	4
59	90
96	16
24	66
38	83
53	45
26	4
98	23
49	17
98	83
1	82
42	8
17	7
17	81
21	67
1	75
48	46
22	60
91	9
30	15
50	2
28	33
1	76
76	65
77	21
14	63
51	12
63	2
40	11
45	74
91	23
87	26
4	13
33	4
67	63
29	18
12	18
18	69
40	84
33	63
52	27
45	6
67	12
48	3
96	33
30	51
74	39
55	65
25	31
84	28
80	24
11	71
39	5
4	17
30	30
14	49
39	50
99	45
35	71
17	44
83	49
16	2
5	60
51	59
30	36
66	90
82	22
58	53
93	20
75	49
86	23
99	93
24	89
55	45
59	92
73	28
55	57
67	36
66	50
59	39
21	42
70	88
24	63
71	80
22	13
9	85
85	38
13	48
67	4
22	77
5	59
44	2
13	57
55	96
81	4
73	40
50	6
22	11
39	41
60	89
45	36
28	34
4	36
26	3
96	3
1	74
86	71
98	35
85	77
58	77
31	55
21	52
59	5
46	42
27	4
94	46
89	86
52	60
27	58
26	33
7	51
8	3
55	57
16	91
20	59
57	28
94	90
24	21
3	94
82	99
70	90
54	37
71	74
25	89
33	85
87	52
6	32
64	5
18	83
34	30
81	16
71	81
14	68
14	77
8	20
95	24
19	39
2	25
35	64
19	27
98	45
6	76
68	33
94	89
24	75
34	11
92	66
46	45
54	35
70	87
39	73
1	37
73	75
96	9
14	63
49	70
53	50
48	43
7	32
79	92
60	25
16	1
67	51
15	34
2	76
81	83
60	94
92	45
86	64
39	28
56	92
19	30
39	1
76	1
58	63
22	46
49	3
66	57
77	88
76	57
57	97
1	88
4	44
85	23
21	41
54	5
30	65
96	51
49	65
36	45
19	16
49	34
26	1
56	44
71	9
69	4
83	79
21	40
85	29
76	73
92	76
18	18
83	88
42	38
71	4
87	85
68	27
12	11
94	99
37	57
19	11
54	66
73	52
19	28
88	10
27	39
55	46
75	21
27	46
21	86
63	31
17	36
51	73
32	14
62	22
68	99
99	65
13	79
23	81
20	74
63	97
55	12
93	8
65	60
98	18
50	66
19	73
64	40
62	3
89	35
93	69
63	81
66	25
8	77
60	85
40	6
84	15
90	48
23	90
73	38
97	57
34	62
60	41
59	93
31	81
79	41
20	20
90	72
23	75
40	21
66	79
18	65
67	98
80	78
36	16
30	22
53	70
12	26
61	36
63	73
81	88
5	52
94	34
19	79
82	27
93	11
54	77
60	38
79	2
95	44
43	85
67	59
34	11
65	20
26	23
97	96
26	48
35	55
47	36
57	29
71	64
10	34
98	70
49	48
44	50
96	65
72	2
37	34
5	64
4	70
29	42
68	68
43	1
50	84
80	12
66	80
92	54
59	65
1	41
27	32
50	24
29	49
22	66
75	21
93	33
43	44
75	71
77	74
51	74
75	55
33	36
14	82
44	38
66	92
39	93
83	38
70	17
30	87
7	72
3	32
88	18
32	74
45	65
65	70
25	55
89	89
56	71
94	72
56	13
98	19
87	22
18	41
8	20
47	25
11	93
37	70
26	28
34	1
16	72
71	60
50	61
4	8
95	98
20	20
55	68
78	71
57	34
94	56
23	38
41	46
47	77
84	28
27	44
81	17
77	9
36	44
59	41
4	91
8	73
77	54
86	40
74	88
35	13
12	49
76	34
53	86
15	95
33	14
3	21
35	73
79	62
14	4
20	50
87	2
80	95
62	34
39	14
5	11
29	68
19	30
22	79
69	3
32	59
58	3
83	55
46	72
18	67
67	3
62	71
62	2
18	17
14	60
81	22
76	74
28	78
81	43
48	23
22	64
53	90
45	86
2	34
56	44
60	85
63	5
41	59
3	10
86	2
50	77
64	81
5	45
89	25
65	19
35	59
81	51
56	79
32	46
90	26
91	55
21	81
91	9
8	77
56	29
64	3
52	12
14	90
59	43
33	26
55	69
51	97
74	52
1	11
96	11
86	51
8	98
85	90
66	13
32	53
47	41
61	12
77	17
84	90
71	57
91	57
35	51
77	28
11	17
32	34
35	90
79	5
70	12
43	62
86	84
56	2
73	41
48	57
29	71
34	55
32	74
74	2
64	5
68	8
23	17
39	19
26	83
84	56
65	15
49	4
54	89
47	81
2	25
67	41
79	14
12	6
4	94
45	18
46	99
17	79
69	29
98	52
68	49
22	67
62	46
95	24
49	91
15	77
9	15
22	80
69	2
27	31
79	19
71	34
70	64
33	55
21	23
30	60
9	74
15	75
7	64
26	86
78	31
36	6
39	99
7	2
1	59
34	67
18	43
10	32
64	88
63	54
76	75
44	4
50	56
26	61
36	86
41	78
26	76
51	98
81	33
56	16
1	9
4	3
72	17
97	54
84	43
90	43
18	95
76	41
76	73
24	60
39	61
49	1
94	96
51	59
27	96
9	8
16	27
70	50
79	24
72	75
27	68
36	44
26	11
23	55
79	5
89	61
57	72
91	99
7	12
80	18
58	94
10	37
95	71
56	70
43	45
90	53
19	24
93	19
43	55
81	37
22	98
28	6
63	19
3	12
29	23
49	89
78	21
78	3
45	12
27	82
39	54
86	69
92	84
72	20
61	84
17	56
90	89
7	27
40	37
82	74
77	37
62	68
7	32
95	59
44	82
3	58
16	48
88	52
81	3
59	2
76	64
38	17
31	39
14	54
41	30
88	58
30	35
96	25
17	52
52	67
32	10
74	59
87	89
85	72
66	28
26	94
23	11
59	23
96	37
71	29
22	52
43	37
37	36
10	76
96	58
9	19
1	80
46	63
74	9
53	23
35	12
48	84
59	81
81	96
46	56
59	29
63	26
80	47
90	33
31	63
51	46
33	73
67	49
7	20
72	14
89	96
28	65
1	63
93	19
88	43
50	50
7	47
55	99
93	41
48	41
56	48
82	76
4	39
98	55
94	16
66	77
38	28
28	96
55	39
65	92
37	89
77	72
83	98
94	31
40	78
72	80
10	95
31	79
22	4
74	53
88	11
90	33
13	5
42	26
80	3
98	2
14	17
80	20
25	38
33	73
9	76
9	75
53	57
49	83
77	19
60	56
70	72
2	18
9	37
64	55
91	99
7	48
76	3
84	16
67	38
23	95
25	8
45	24
29	66
42	70
65	45
71	96
49	52
5	51
33	16
17	7
66	48
28	90
51	43
26	30
69	72
24	63
91	57
36	70
54	63
32	28
57	33
45	53
99	25
54	88
11	44
15	43
59	3
24	60
90	30
63	92
39	33
67	65
5	64
63	23
56	47
27	78
85	68
9	11
64	64
46	69
87	7
71	40
53	20
99	36
84	50
14	54
7	91
59	61
59	57
8	13
4	16
82	46
95	62
65	26
38	85
48	23
94	50
96	62
14	21
3	42
69	78
47	60
24	44
17	93
93	70
84	69
88	60
14	34
46	55
99	45
70	38
90	17
79	17
16	57
5	70
16	63
70	78
92	5
37	19
80	42
91	1
83	78
86	74
40	58
67	17
8	36
18	37
6	17
29	56
8	25
44	79
48	54
91	86
6	34
47	27
36	36
12	27
75	45
60	15
42	36
35	39
75	93
29	57
36	49
22	46
71	38
44	56
52	3
66	14
34	44
46	87
55	31
98	91
22	50
37	20
54	1
10	90
76	64
5	39
64	1
65	67
62	26
63	65
13	67
97	8
36	46
41	38
38	84
58	78
60	7
18	90
56	97
47	78
88	70
80	63
72	35
55	37
82	19
82	17
24	28
41	69
35	73
50	20
33	15
24	87
21	78
91	87
25	85
15	6
7	3
56	54
91	16
51	52
89	61
89	10
52	91
39	54
61	25
34	80
27	48
24	47
91	47
18	10
14	31
19	49
75	99
89	18
83	62
72	55
56	4
21	56
30	5
25	95
85	2
27	5
37	43
28	54
77	69
9	46
85	14
14	2
25	4
54	85
31	86
65	65
72	11
88	51
83	48
8	5
24	92
14	74
31	23
75	4
86	19
74	41
67	34
47	32
1	15
89	26
25	71
83	57
43	65
89	13
82	82
33	49
4	28
15	58
17	33
94	87
26	47
12	24
13	97
23	20
99	90
70	11
74	90
8	71
80	98
24	23
76	3
60	47
34	63
53	8
20	11
5	96
30	18
94	59
2	37
40	93
48	47
57	54
40	1
79	26
18	18
42	52
2	34
43	13
94	93
86	2
20	11
9	38
87	27
84	35
19	27
51	35
78	89
67	34
54	9
77	85
75	16
43	33
35	85
37	66
66	45
77	11
53	67
84	51
10	24
82	73
43	21
91	56
75	50
62	89
78	13
16	46
44	67
4	72
79	76
15	99
60	22
96	41
23	88
36	14
64	83
96	9
97	48
27	79
17	11
8	11
92	51
74	93
42	73
44	40
77	50
70	26
83	59
4	66
77	89
73	25
54	20
63	71
2	74
89	68
94	91
85	32
9	71
82	17
96	61
92	40
83	46
50	53
90	40
86	15
46	55
58	4
74	3
90	61
23	75
92	32
60	94
32	64
90	55
82	91
2	23
37	20
25	86
60	17
29	86
63	51
26	34
84	37
21	95
84	35
1	68
8	95
8	85
82	36
74	50
87	97
47	83
91	68
33	14
85	45
41	94
89	56
82	99
64	72
73	12
99	85
13	31
19	36
68	37
28	66
25	99
77	24
73	93
24	87
9	32
83	71
48	61
92	27
1	25
60	1
79	17
97	63
45	89
39	15
69	96
29	4
51	67
95	44
27	87
8	8
36	74
13	71
99	33
59	23
45	60
9	96
97	53
94	36
37	95
91	84
67	77
45	20
86	36
65	29
79	46
52	83
81	68
15	43
49	19
95	34
27	37
33	10
11	76
93	62
2	13
34	72
96	44
72	15
44	25
14	85
11	20
75	4
90	61
44	81
59	80
87	84
29	64
33	31
84	67
19	4
6	3
17	32
90	10
97	11
77	65
3	68
99	50
60	11
33	74
1	65
92	73
19	23
43	80
3	15
8	49
77	48
51	87
52	66
74	64
91	1
70	99
83	92
28	14
34	63
15	39
19	38
56	16
1	38
15	37
76	5
23	32
71	7
97	24
48	64
70	23
49	26
38	86
69	80
9	53
67	76
7	36
50	49
86	45
97	69
12	22
92	46
74	75
17	78
96	25
20	85
24	1
38	34
27	90
77	16
19	44
9	89
30	84
1	26
18	27
17	14
28	82
7	94
7	35
70	39
59	51
59	49
57	36
75	76
5	32
92	7
34	76
60	8
84	87
67	36
71	27
33	65
92	36
38	52
10	23
16	67
3	52
76	18
87	9
11	48
97	86
76	55
79	25
69	13
67	22
57	53
44	83
14	22
12	96
22	29
36	98
99	82
90	97
16	26
26	4
41	12
31	71
5	79
83	71
45	95
99	60
14	39
81	37
70	7
88	9
48	61
5	49
56	68
90	88
54	3
10	22
21	82
27	2
2	31
34	86
11	87
51	10
15	70
63	34
62	77
56	26
77	53
91	73
60	33
98	32
60	76
67	11
89	93
70	82
79	21
81	94
31	78
67	29
9	37
65	46
95	5
9	95
79	72
42	87
80	34
63	38
13	73
13	57
80	18
25	89
83	59
21	77
7	65
86	80
51	70
75	80
9	44
21	98
57	29
43	65
31	72
17	89
90	71
84	66
17	19
9	18
90	45
91	11
10	50
73	87
42	64
86	88
9	88
66	88
17	59
79	81
40	30
96	30
23	17
99	97
95	94
57	77
21	46
75	18
64	49
32	65
76	72
94	99
3	83
10	38
49	33
70	95
90	8
74	2
37	91
25	3
51	31
78	15
81	33
49	94
13	77
78	41
85	81
75	10
14	98
41	35
29	94
75	80
11	79
22	97
71	63
34	32
89	27
21	23
52	98
25	21
29	27
99	42
57	21
6	44
11	50
94	48
62	27
15	85
43	13
12	22
92	6
29	2
3	29
67	50
8	15
81	34
49	23
62	61
5	13
11	45
63	86
77	65
56	91
29	31
23	36
29	76
74	30
59	4
20	96
22	30
16	37
18	92
95	88
29	47
76	82
38	42
41	96
30	91
50	48
60	11
36	81
5	58
46	26
35	41
22	4
36	28
13	96
95	34
56	4
20	46
27	90
55	39
83	33
24	53
53	43
38	7
29	76
96	50
11	55
67	41
76	83
93	19
70	49
6	73
75	75
49	1
35	59
42	32
87	42
23	63
50	89
87	14
65	72
31	55
28	52
76	92
51	83
85	36
69	15
36	91
10	43
21	16
17	82
97	24
4	66
76	1
84	9
49	34
55	9
70	52
8	5
48	92
19	89
50	7
42	12
24	65
43	12
33	23
14	50
71	7
58	9
56	22
7	4
9	67
58	1
47	25
30	95
43	37
47	29
88	12
45	97
69	47
38	90
95	87
47	72
18	55
4	86
35	87
69	32
85	98
85	86
58	37
2	28
30	80
84	32
81	82
86	78
90	63
77	24
78	75
30	44
70	93
97	88
76	67
98	41
12	54
71	9
15	44
65	1
20	91
15	19
40	78
87	46
10	35
29	39
38	43
80	61
88	79
39	74
64	42
7	73
98	7
63	85
42	24
24	62
83	63
35	96
77	85
34	24
3	28
56	17
91	92
47	70
3	81
43	27
69	96
33	38
66	86
13	57
37	76
8	23
57	60
73	85
93	53
7	20
78	50
53	85
2	9
16	35
68	63
15	6
87	63
40	66
77	87
38	5
37	20
58	68
41	28
86	41
63	8
67	1
99	33
85	99
24	53
16	60
23	58
77	14
70	89
46	83
35	75
56	54
6	27
61	2
18	9
68	40
87	67
87	1
76	58
81	24
55	90
46	92
55	30
35	21
36	99
33	50
51	10
37	64
86	94
30	63
43	69
47	33
24	55
68	37
88	27
63	6
21	47
61	40
46	62
30	19
31	58
98	10
50	27
47	52
39	43
71	87
99	99
66	85
8	21
45	79
68	26
27	19
22	18
27	40
42	37
54	87
22	46
21	20
90	43
30	62
61	96
75	62
90	88
42	21
61	52
23	7
49	84
35	28
41	18
2	4
42	82
8	21
6	84
48	21
45	66
91	85
1	55
19	92
3	16
97	78
97	4
88	95
83	76
71	65
19	40
12	25
26	97
79	35
54	13
80	23
88	83
34	47
31	79
1	39
79	49
97	41
64	57
48	57
38	86
16	91
14	17
86	64
52	13
61	22
12	66
69	60
20	8
25	27
41	5
8	26
73	42
61	54
61	26
8	58
22	52
92	80
65	53
85	95
19	46
72	60
26	89
53	97
49	55
26	47
23	66
37	68
22	60
9	41
44	68
4	18
79	12
15	52
12	11
51	5
28	46
42	32
48	10
71	26
27	75
11	40
79	19
47	89
33	48
46	55
18	34
87	78
77	97
42	17
73	57
12	16
50	32
67	68
31	84
49	76
73	11
92	10
8	18
43	93
69	60
82	35
31	17
30	42
21	90
91	76
65	9
38	9
64	55
16	43
14	50
26	70
18	84
66	32
42	15
72	63
97	5
97	96
22	58
94	96
3	33
39	45
46	78
27	96
39	18
34	82
61	63
73	56
58	24
4	84
18	50
53	22
46	97
65	61
50	75
76	75
86	17
79	38
48	8
19	17
60	59
43	67
78	9
6	71
88	45
72	8
29	23
48	22
89	36
71	66
84	74
54	1
2	13
18	59
10	50
11	57
92	5
49	43
94	19
52	72
80	2
56	16
47	65
80	12
41	15
99	97
64	65
94	6
41	61
49	70
18	97
64	19
75	83
17	31
7	75
9	28
29	99
75	28
26	40
27	28
53	70
39	78
18	53
73	30
35	35
31	90
56	68
82	30
97	78
97	32
33	75
32	78
29	79
32	82
31	2
89	43
2	97
51	33
69	97
2	98
52	20
45	84
87	97
15	64
44	9
54	53
71	61
95	71
59	67
58	42
56	5
95	30
16	42
75	52
56	42
18	19
99	36
56	18
7	32
13	58
91	29
18	40
36	97
72	23
12	55
14	82
41	76
14	11
68	72
62	26
6	48
66	48
87	9
11	28
42	86
52	63
87	56
17	37
22	1
62	52
59	22
89	38
58	25
13	29
14	54
85	35
57	38
75	40
85	50
94	79
80	17
34	52
16	9
96	86
43	41
43	94
97	61
35	43
66	16
51	58
43	99
2	42
36	52
32	43
19	84
55	47
32	27
45	49
80	83
44	27
51	21
50	47
55	14
18	61
17	85
3	21
63	21
76	72
73	43
10	26
18	25
19	87
41	46
17	10
37	55
12	96
17	91
76	84
52	91
75	83
51	27
1	16
71	83
56	99
10	34
63	9
42	51
16	8
60	48
41	26
14	97
91	14
57	62
64	39
39	77
68	41
47	31
65	49
49	2
28	3
11	97
52	74
9	63
1	84
76	60
11	33
6	95
81	17
87	25
77	10
6	8
18	16
77	61
30	92
27	6
92	67
50	37
22	15
75	53
89	28
38	30
3	64
22	52
76	51
46	52
14	92
3	8
73	64
76	34
30	38
85	49
24	65
76	9
25	26
92	22
15	77
62	82
60	10
89	36
77	95
86	98
35	39
97	8
49	12
34	74
39	58
49	79
68	14
83	70
30	33
49	14
75	45
84	66
62	93
80	52
83	1
91	47
27	88
38	63
76	18
94	73
26	27
36	58
59	43
45	32
46	97
41	17
28	71
23	12
99	9
68	38
7	95
22	22
91	29
89	34
52	52
66	53
8	41
45	17
23	3
8	6
39	79
28	28
2	13
8	29
44	90
40	74
34	16
59	13
17	29
2	53
44	27
12	39
50	98
71	49
78	57
14	84
49	29
43	99
32	39
60	15
54	4
69	43
78	96
70	77
73	71
72	3
94	65
84	29
85	94
61	7
22	3
42	8
97	75
86	55
93	1
38	78
52	47
26	75
64	1
67	50
1	67
82	51
24	56
67	67
58	6
21	80
23	66
86	27
42	15
14	13
2	85
56	16
87	19
10	8
83	65
84	57
3	69
59	15
95	62
53	40
81	93
94	28
45	62
64	36
76	18
69	89
44	85
54	73
68	18
24	38
9	40
10	42
10	92
59	4
46	97
56	35
38	95
54	35
38	96
52	61
70	35
33	81
62	37
79	37
77	28
89	78
23	57
82	40
35	19
11	97
21	94
67	62
78	30
40	84
5	67
51	90
9	56
8	18
84	93
38	9
31	24
80	63
38	53
52	59
79	2
74	97
72	94
25	55
20	73
27	29
16	15
60	90
70	14
28	73
40	82
22	12
84	69
32	51
14	27
17	13
96	36
50	16
58	57
39	89
37	91
85	50
70	36
86	18
37	3
5	41
69	13
98	37
46	99
99	1
11	96
93	51
76	77
57	53
75	35
29	94
47	6
92	15
65	82
65	42
68	94
46	17
31	50
47	86
81	83
88	71
34	69
40	25
2	28
16	71
61	45
16	68
98	13
80	34
72	19
39	11
65	41
3	46
76	80
33	83
5	64
99	40
86	65
48	28
4	54
51	51
31	78
52	44
35	21
28	44
72	29
46	71
91	37
16	26
74	64
8	3
97	83
27	35
42	99
29	46
87	22
69	39
51	19
51	49
47	32
43	2
8	59
14	97
92	60
81	38
78	27
84	28
91	14
6	29
1	49
26	42
43	91
95	82
60	67
79	62
96	82
1	13
48	67
47	3
48	55
89	10
82	72
18	94
11	15
43	1
45	21
2	84
35	32
93	48
39	8
80	92
19	92
27	43
59	99
92	9
31	46
83	28
54	54
84	42
26	96
3	13
66	73
62	14
11	40
81	89
2	88
81	54
32	30
49	28
52	83
35	83
9	21
22	1
78	25
56	92
41	13
49	11
83	72
57	45
54	97
15	4
26	7
98	92
43	34
88	30
56	34
52	12
23	67
97	50
10	33
59	16
12	53
45	95
53	24
83	54
54	9
20	13
12	35
89	73
95	62
45	91
12	10
16	66
84	59
40	96
54	50
33	67
90	34
16	27
63	42
50	67
65	14
2	98
13	38
19	60
94	12
94	25
21	88
35	13
12	24
22	83
95	65
60	85
49	39
12	51
97	50
50	25
45	70
35	28
18	71
72	89
82	17
44	68
34	14
26	33
97	46
24	41
74	28
90	43
41	10
30	68
16	73
90	55
18	70
91	68
30	75
85	50
6	54
8	11
61	47
68	53
71	14
12	27
37	49
22	50
88	97
14	53
34	54
8	95
36	92
79	93
60	46
3	27
82	3
56	62
15	35
66	35
18	62
70	29
89	53
48	71
29	66
6	53
91	10
57	42
9	20
39	17
60	7
67	76
8	64
16	22
44	68
64	76
49	55
37	10
52	55
45	15
10	54
27	7
93	3
25	17
4	70
32	97
16	42
62	11
77	88
46	31
19	82
11	16
92	90
37	44
74	77
94	97
58	9
42	44
36	84
15	91
93	20
93	58
30	40
59	59
33	25
30	29
81	46
49	98
59	51
70	41
88	61
57	53
1	91
82	82
60	87
52	77
92	16
85	53
31	93
75	12
97	5
97	98
87	37
35	32
20	99
33	55
71	9
34	6
55	54
29	32
36	83
32	53
1	37
64	97
22	77
11	36
73	88
84	9
85	59
76	33
81	28
34	99
98	94
91	92
6	40
79	26
59	64
96	78
49	6
8	9
97	18
54	39
43	71
28	56
46	21
20	8
47	25
4	92
18	97
14	69
74	87
77	78
96	80
53	62
71	36
82	16
13	8
1	50
44	68
3	14
97	14
14	95
29	95
90	36
86	14
37	72
51	76
70	59
3	33
94	74
23	18
86	37
79	25
7	91
44	19
90	91
68	88
97	13
81	99
89	43
72	99
54	21
31	76
9	82
94	59
8	46
19	65
13	86
68	81
31	18
18	28
75	90
63	58
2	8
53	72
5	13
27	72
55	10
14	50
8	82
43	83
85	89
10	97
38	70
14	53
92	66
65	94
81	50
78	24
88	91
97	23
77	94
41	49
5	47
86	91
14	80
7	68
88	30
36	47
35	32
85	50
63	97
60	87
15	30
3	54
94	61
93	15
41	84
57	66
49	95
63	66
53	80
27	21
26	11
92	21
42	80
21	21
32	98
7	13
76	95
20	40
71	27
54	28
3	75
42	19
95	50
23	15
75	6
87	21
75	63
95	93
63	22
46	1
56	61
54	97
39	11
75	49
70	30
72	46
1	20
20	50
29	39
95	76
17	39
65	39
69	98
53	13
56	73
69	82
49	38
80	67
21	24
83	29
2	39
83	79
71	79
17	98
89	1
14	44
43	73
94	88
95	20
15	11
57	24
83	61
15	25
42	9
35	73
36	89
76	57
35	27
60	9
84	4
2	30
92	53
47	79
72	78
14	56
5	36
19	70
29	29
50	15
16	24
71	82
29	45
35	6
72	64
48	97
85	51
53	78
75	80
90	35
88	16
71	3
54	14
60	74
68	74
40	59
87	60
4	85
43	9
9	62
34	32
37	90
4	61
51	37
76	52
20	74
17	12
81	60
44	92
24	74
51	74
25	5
27	27
21	56
70	81
20	85
11	43
86	25
62	44
36	80
10	69
11	69
89	15
27	81
81	22
50	52
18	30
56	74
24	11
67	53
70	76
82	13
15	21
66	11
94	1
20	19
79	53
6	6
48	12
21	86
91	70
54	39
11	87
73	62
41	64
66	3
33	17
91	67
50	91
36	31
39	39
10	6
14	17
48	63
81	86
59	18
91	33
36	81
19	63
96	70
12	70
26	56
93	46
94	67
31	25
96	8
6	13
82	76
4	6
53	71
97	39
71	70
67	4
60	73
17	76
96	94
51	25
13	13
91	91
99	98
92	59
65	93
63	76
72	87
79	91
98	48
71	54
20	49
25	34
53	65
55	94
85	85
48	95
68	42
8	60
96	48
73	63
86	18
19	89
31	34
52	86
4	44
1	21
34	37
49	15
69	96
95	34
78	51
99	72
39	11
18	96
35	37
81	63
83	80
73	56
95	41
82	84
32	3
43	86
40	99
46	24
76	2
13	68
96	3
44	42
57	26
10	37
87	98
61	83
51	78
55	84
43	95
3	83
98	20
77	12
75	14
46	50
28	88
31	71
9	79
88	91
77	11
19	5
22	96
45	85
97	67
53	30
2	28
64	58
34	89
25	63
37	66
50	41
74	46
48	25
88	64
74	76
70	15
92	64
92	52
4	48
2	84
96	52
83	22
39	20
32	8
32	20
37	24
29	52
96	45
69	25
12	49
42	97
11	61
79	83
5	20
94	91
34	96
12	10
78	19
66	57
38	31
96	18
88	68
60	98
80	2
57	28
84	70
7	12
36	74
66	8
12	2
98	22
61	79
1	67
56	84
59	62
35	31
98	33
59	61
55	13
38	66
70	81
74	55
91	52
66	50
80	24
49	44
27	59
98	52
1	57
27	62
75	56
76	30
34	45
20	89
61	6
2	22
89	25
1	22
32	70
83	67
62	24
30	49
12	11
56	18
18	73
20	30
88	64
13	79
47	8
86	4
56	53
14	65
50	80
97	2
16	75
28	69
26	5
18	5
75	96
26	70
48	48
34	25
11	8
13	68
35	66
64	14
66	67
44	36
75	18
85	22
30	10
79	94
80	1
30	22
51	9
71	64
20	42
82	97
55	62
55	21
6	33
37	82
25	52
19	68
90	87
88	45
48	99
2	75
69	64
58	22
98	82
60	94
64	37
3	65
86	12
11	94
18	62
13	11
80	18
25	34
51	42
74	70
38	14
93	56
51	45
59	79
98	34
4	71
64	51
20	87
34	22
99	73
20	42
92	11
22	47
39	25
12	94
83	22
53	26
80	30
25	69
7	31
41	14
61	30
5	91
23	79
58	22
39	25
84	52
74	34
7	6
74	28
73	60
57	13
1	3
10	58
43	46
22	10
46	54
67	56
84	50
34	96
42	39
39	71
93	19
54	70
26	95
16	9
14	57
10	66
52	42
30	76
87	22
21	28
71	7
74	98
14	41
92	12
1	55
78	1
50	60
50	63
22	88
50	40
3	20
6	95
29	78
34	97
4	25
11	96
13	2
28	23
84	79
11	76
48	80
26	14
46	73
98	58
16	23
93	74
89	44
81	76
27	75
28	28
8	98
32	49
46	50
56	88
45	25
26	67
90	26
21	11
71	92
8	24
88	16
79	78
73	47
34	62
57	84
39	97
28	37
44	77
2	71
82	68
1	8
53	49
44	70
32	61
25	15
59	84
25	47
38	8
84	89
73	78
21	33
3	18
13	5
64	9
98	99
10	4
4	71
88	86
15	60
54	49
88	45
4	90
74	86
96	10
4	37
44	90
42	9
96	13
35	61
78	71
17	57
70	4
13	44
91	43
69	76
15	35
98	13
71	88
70	12
73	36
46	48
48	84
12	40
88	9
93	62
97	16
72	42
79	44
70	8
5	71
54	37
43	50
56	92
56	48
19	96
49	41
47	95
59	85
33	5
4	15
23	93
55	3
50	51
76	9
11	5
18	63
14	42
88	71
22	94
83	36
55	26
87	45
56	57
81	85
22	31
14	54
4	39
75	8
84	87
92	21
62	47
69	39
11	38
86	62
23	77
82	94
62	3
98	68
67	65
53	6
18	15
60	21
62	96
20	31
84	56
58	74
71	12
65	51
44	1
26	10
95	76
25	5
11	82
42	67
41	82
88	21
83	25
65	12
37	30
10	75
31	79
60	47
60	10
50	77
48	80
8	83
6	9
89	50
41	88
1	96
29	20
80	51
83	41
73	52
98	3
74	43
62	4
99	85
37	4
61	28
22	75
42	8
58	84
39	49
48	79
59	74
78	3
44	50
17	27
26	33
46	38
38	80
74	38
7	25
13	74
37	31
49	17
29	38
16	98
29	20
67	16
39	39
67	7
31	20
46	82
73	96
91	18
34	54
14	6
37	99
37	33
86	41
79	27
90	29
57	61
14	40
78	46
35	81
82	54
13	75
83	65
29	2
1	9
32	63
34	3
83	34
47	26
61	86
78	54
15	64
99	19
37	70
12	17
28	92
28	20
35	49
31	37
60	70
53	93
29	88
90	34
86	7
55	10
28	4
85	29
93	49
82	74
25	90
78	22
65	87
53	59
7	96
52	63
42	79
83	28
98	67
34	68
77	18
38	75
70	82
14	61
10	85
88	36
55	82
76	98
53	88
73	21
32	97
50	43
37	36
13	39
27	38
19	80
9	96
71	3
1	32
30	26
53	74
28	46
98	13
55	6
2	50
41	76
82	59
41	52
83	94
87	10
10	75
6	57
64	66
25	74
69	70
89	8
11	86
81	53
5	91
29	20
32	39
3	42
29	63
17	77
94	95
9	36
43	7
54	70
69	98
9	80
9	46
56	2
10	14
84	9
13	70
1	18
67	2
43	77
60	71
60	46
54	50
14	13
60	75
85	15
68	96
22	15
78	75
56	88
21	87
45	5
52	13
81	51
95	32
25	59
38	38
26	86
19	9
17	70
5	80
35	42
92	23
38	5
38	79
78	27
24	30
73	98
52	24
29	85
4	66
36	78
98	41
53	51
54	32
54	90
8	83
72	19
2	48
77	76
28	87
18	33
46	57
5	51
93	25
34	78
72	99
36	34
80	84
70	32
85	12
27	29
45	47
75	17
1	57
16	43
91	66
13	40
54	87
81	13
46	98
54	64
32	88
65	77
12	17
69	54
71	70
71	83
20	75
49	77
98	4
40	92
25	5
59	9
41	26
96	91
47	49
80	76
22	70
76	53
6	62
14	42
24	92
26	68
62	62
4	80
63	51
8	88
27	7
55	69
72	81
62	94
3	95
40	50
40	3
78	60
90	4
34	72
7	38
17	82
40	76
86	2
8	39
87	13
83	70
9	95
30	73
1	18
7	14
75	59
44	46
66	11
46	25
57	47
52	23
2	59
91	70
53	52
51	73
6	92
40	17
94	57
48	86
83	21
66	90
31	70
80	85
20	44
29	49
86	43
14	67
95	51
26	62
58	92
1	99
83	50
9	8
67	89
50	83
81	48
24	41
9	34
42	68
63	49
70	71
12	2
22	32
11	84
53	60
41	75
20	17
28	19
30	59
53	17
73	73
43	75
84	74
70	39
28	7
99	93
30	77
68	49
28	38
5	86
46	46
36	30
99	62
9	76
24	31
64	79
2	90
49	43
13	75
6	83
81	53
6	65
40	74
54	22
97	29
86	29
41	62
48	3
35	66
81	88
83	60
78	10
98	39
90	57
92	2
42	97
93	4
58	9
95	8
60	38
11	53
52	93
52	67
99	64
80	23
86	17
99	7
11	12
78	59
98	35
93	72
2	45
18	95
67	7
25	93
15	59
78	7
87	32
32	22
43	61
1	75
31	36
41	63
68	40
5	77
40	90
19	54
5	2
89	67
21	93
61	16
17	87
37	48
28	17
13	40
46	90
35	32
79	4
53	92
31	38
12	96
34	59
17	11
54	4
65	48
88	80
35	35
45	55
36	99
18	83
14	39
89	33
90	78
45	88
84	88
40	82
70	27
16	34
56	79
73	97
94	92
98	8
86	92
19	92
12	85
48	66
21	21
86	55
92	30
55	9
80	17
60	77
34	46
49	52
30	3
65	93
20	37
80	56
23	17
2	7
83	17
52	7
59	75
98	65
58	20
53	99
17	49
11	25
98	15
72	97
15	92
31	60
9	91
44	72
73	16
63	40
97	86
9	77
22	75
33	21
59	23
36	25
46	50
51	53
16	52
62	94
56	6
14	27
63	26
80	92
89	53
4	34
72	63
93	62
83	55
35	86
15	96
60	8
35	76
23	54
89	73
19	40
86	88
10	9
71	27
60	97
75	25
64	6
24	49
60	14
36	27
88	78
77	24
99	54
25	35
84	74
5	73
79	53
86	51
78	65
4	80
3	95
21	15
74	92
58	35
3	92
82	81
88	44
26	34
56	52
92	93
57	29
73	29
31	17
40	12
56	10
79	79
64	25
19	33
14	37
23	16
66	33
64	91
84	20
54	79
7	69
3	53
11	72
6	52
67	21
83	32
85	60
97	91
51	18
27	17
44	31
92	64
71	7
25	85
23	64
79	5
90	7
71	10
93	76
76	30
25	79
43	64
34	31
53	3
52	92
36	28
92	65
5	95
10	53
51	29
46	37
78	92
38	24
66	72
53	80
99	94
27	43
54	49
73	18
61	31
53	55
85	87
7	72
66	80
92	74
38	25
88	31
16	30
35	8
94	11
24	83
61	35
98	85
45	82
2	78
62	62
35	82
62	72
86	85
67	28
93	94
39	3
49	92
94	49
76	50
96	65
30	7
12	49
72	57
59	99
71	69
85	98
34	56
86	71
9	1
98	16
64	44
96	8
91	98
19	11
56	30
22	69
27	85
45	88
3	22
38	67
50	82
81	51
32	63
56	91
80	30
92	8
26	19
80	75
86	71
17	89
91	30
46	13
29	30
2	43
97	27
48	91
44	46
33	52
53	42
81	51
26	60
55	81
44	2
77	25
54	74
63	95
84	2
75	90
96	45
47	56
80	72
48	83
42	17
92	1
34	18
23	98
14	47
72	91
7	6
66	88
70	47
76	3
84	59
74	40
6	55
3	54
59	57
54	3
46	65
43	18
15	60
7	90
92	24
28	22
62	39
96	7
8	24
35	46
48	25
18	92
75	65
98	30
78	25
78	96
40	59
91	30
85	53
74	90
14	50
27	82
83	22
76	66
52	91
99	30
12	74
76	29
96	26
47	44
47	93
27	51
35	39
57	27
98	13
66	52
33	7
36	53
98	33
28	50
73	46
59	9
2	20
28	90
33	1
31	75
21	80
21	80
57	4
10	23
41	84
94	79
24	95
79	75
80	80
2	74
15	63
95	31
42	99
71	28
48	7
50	42
47	77
40	2
91	67
53	97
28	8
78	38
75	23
54	9
31	70
95	30
37	2
7	20
14	2
44	72
98	33
37	74
41	52
12	80
87	52
81	5
40	45
70	86
6	42
37	16
74	93
28	13
58	16
91	8
86	49
66	22
30	77
10	59
57	78
91	53
23	95
22	58
31	14
79	10
43	7
3	63
44	2
39	10
72	61
51	67
68	3
41	33
36	50
69	82
44	73
72	64
14	92
1	6
56	4
26	25
55	2
60	82
21	13
46	86
83	81
47	90
58	46
17	98
72	58
8	24
25	30
42	7
2	43
63	91
2	88
91	62
69	67
60	58
53	20
53	98
52	38
44	6
82	89
47	36
69	5
28	56
53	33
71	58
32	29
24	96
64	48
8	88
86	43
60	30
14	40
40	14
34	31
95	90
34	32
46	86
38	64
8	17
1	7
29	64
92	32
70	8
91	4
35	79
36	68
5	77
10	50
56	10
94	36
41	44
82	47
44	49
76	63
99	62
23	92
61	65
26	34
5	93
15	66
59	57
49	97
18	32
21	40
85	13
1	39
14	61
77	99
27	40
50	39
74	24
8	72
39	76
89	95
29	91
14	59
11	88
78	36
90	32
40	68
70	93
88	82
88	65
1	9
83	40
62	92
42	82
65	49
86	58
55	33
43	6
11	79
14	1
82	6
35	28
83	24
71	48
13	85
71	75
25	6
76	88
28	31
28	58
48	64
59	55
70	57
99	27
70	9
86	28
6	47
57	88
23	82
65	75
18	26
30	52
84	24
83	75
80	82
65	78
72	54
64	86
45	66
35	30
55	56
57	83
48	21
29	54
55	71
96	40
23	21
48	59
50	99
24	99
28	72
92	85
91	46
56	85
21	16
38	93
36	14
60	23
95	69
65	51
38	72
45	49
85	71
66	87
38	83
44	1
50	79
16	64
7	45
44	7
51	58
86	6
51	76
85	68
32	5
97	51
36	6
29	79
69	36
39	44
91	28
64	17
10	83
42	31
63	79
12	95
6	26
88	7
30	21
88	59
10	39
64	42
20	91
29	91
23	60
96	71
84	35
76	86
74	82
11	34
14	39
4	42
48	54
47	80
46	29
18	51
52	8
94	33
40	32
99	59
82	89
67	83
52	26
74	28
44	57
99	74
25	90
23	38
80	78
75	70
87	11
14	13
21	78
57	93
56	30
28	94
36	47
38	5
18	58
79	79
20	66
54	85
53	26
24	40
64	15
87	31
66	64
53	49
98	29
42	48
74	83
27	84
91	18
16	4
38	98
99	6
64	88
84	33
7	13
43	83
68	63
93	36
96	22
76	4
75	77
29	32
47	54
94	25
63	44
8	12
18	20
91	64
58	91
57	78
65	22
13	57
58	28
52	96
57	95
26	75
79	93
26	50
18	79
95	75
58	43
87	64
43	36
89	32
68	5
9	26
38	18
20	77
38	62
55	56
36	83
87	47
39	27
83	89
17	58
18	48
85	15
83	77
6	28
19	32
39	3
79	10
30	75
94	54
12	2
30	27
39	51
44	26
28	79
47	6
16	85
22	28
65	91
30	48
81	18
47	23
35	17
35	48
62	89
69	39
62	1
68	80
43	18
71	15
81	60
92	55
81	75
82	50
43	76
48	46
12	81
47	32
85	17
93	30
57	61
81	76
54	67
41	68
67	63
43	53
26	49
72	22
21	48
87	76
63	75
42	50
33	62
72	68
1	74
88	66
40	85
79	93
73	44
1	41
78	9
53	44
87	72
83	67
69	40
59	62
94	59
77	53
65	63
68	41
29	88
47	83
85	61
9	3
7	90
15	8
39	94
67	42
92	67
35	13
64	73
34	54
38	7
49	68
52	57
52	13
27	51
25	3
76	42
4	18
19	55
34	45
19	21
59	14
81	20
65	77
32	11
38	7
49	40
59	40
15	79
30	70
33	72
2	50
26	93
75	51
53	22
75	28
81	96
31	18
87	54
50	70
14	30
42	35
42	24
57	32
17	72
79	97
41	20
77	77
79	45
3	76
3	12
65	28
42	7
73	13
34	31
62	38
78	94
51	61
82	68
47	91
56	4
32	80
1	66
72	61
42	63
67	78
11	18
23	17
91	93
47	61
61	14
58	84
59	98
19	13
34	28
64	38
54	70
34	70
8	10
21	80
88	62
54	28
3	42
64	55
21	78
53	55
56	92
29	32
86	33
1	97
51	90
61	34
18	6
58	41
21	20
92	67
39	87
32	93
75	56
29	99
42	82
16	21
29	16
20	33
77	70
44	16
44	80
21	45
51	50
65	60
96	94
14	39
63	64
35	14
32	57
56	54
36	80
72	1
34	10
28	64
37	89
1	41
84	15
31	94
4	6
24	3
67	20
48	89
54	21
7	51
23	55
38	53
15	41
76	41
19	19
6	59
73	71
27	78
85	70
23	55
86	13
88	73
59	64
11	67
80	30
58	87
4	94
13	60
36	68
81	18
35	81
5	98
36	86
15	4
75	40
23	67
77	5
22	62
97	68
49	24
23	74
14	49
45	65
38	20
9	90
37	42
7	22
74	45
77	48
21	55
46	81
25	8
15	36
71	74
17	3
20	80
8	76
22	64
89	67
61	53
74	93
28	46
30	68
53	9
48	96
84	82
30	35
78	27
7	50
72	63
64	83
38	12
77	59
41	2
6	34
56	37
2	10
9	94
54	77
10	33
27	65
40	46
56	78
99	50
66	95
55	81
64	24
4	99
47	66
49	59
10	78
41	90
16	98
44	56
12	70
1	64
75	61
89	77
70	59
32	19
30	9
54	83
32	19
19	52
29	43
42	32
35	55
77	87
86	92
87	44
67	18
34	21
67	63
84	82
74	46
20	15
95	1
51	87
9	96
11	88
90	91
81	46
26	62
2	28
12	68
15	71
26	4
14	92
89	91
94	16
59	96
96	44
15	18
70	86
99	3
81	93
7	36
88	72
32	52
45	39
55	26
94	77
62	35
42	25
33	58
51	69
28	3
47	92
97	7
50	4
84	71
78	11
20	40
2	18
63	34
8	79
55	23
25	56
66	1
14	87
73	49
34	23
69	85
67	58
15	91
94	33
47	93
64	88
79	20
19	18
63	92
86	23
60	32
74	25
94	90
96	11
46	23
50	50
43	68
10	31
35	49
59	51
8	26
23	82
64	46
52	43
5	45
33	66
54	29
94	58
53	10
1	72
39	37
33	10
9	6
1	52
73	88
30	83
78	80
8	43
35	31
90	17
90	20
96	29
33	80
16	14
79	87
32	51
16	93
63	25
3	87
58	98
6	21
18	68
98	56
54	54
54	39
31	99
6	44
8	12
92	65
46	64
29	24
79	91
76	1
25	16
86	25
4	35
6	28
4	79
9	85
28	82
74	57
83	43
66	22
56	12
19	86
76	69
12	58
64	96
80	7
