-100 -100
1000 1000
3 546 736
4 942 599
5 554 581
6 730 868
7 896 518
8 854 613
9 823 987
10 977 549
11 826 587
12 808 758
13 667 511
14 981 988
15 597 956
16 769 639
17 684 655
18 548 649
19 791 592
20 996 956
21 532 610
22 560 542
23 911 597
24 806 559
25 681 882
26 667 910
27 855 829
28 799 741
29 867 688
30 880 991
31 775 717
32 853 560
33 704 897
34 617 715
35 527 644
36 568 826
37 517 914
38 648 664
39 647 619
40 832 593
41 976 688
42 651 803
43 596 760
44 915 739
45 852 852
46 916 863
47 933 608
48 948 858
3 325 94
4 69 411
5 466 234
6 462 400
7 334 356
8 205 207
9 271 441
10 5 90
11 59 163
12 152 169
13 208 472
14 97 85
15 173 253
16 212 403
17 330 311
18 141 267
19 334 424
20 299 459
21 8 314
22 295 17
23 286 333
24 390 324
25 470 114
26 105 383
27 421 310
28 339 94
29 391 37
30 440 325
31 54 478
32 49 338
33 428 440
34 57 125
35 226 34
36 348 118
37 231 205
38 346 136
39 126 361
40 88 464
41 69 82
42 119 286
43 338 263
44 100 353
45 361 424
46 293 103
47 435 417
48 111 343
49 71 323
50 450 39
51 44 315
52 110 68
53 98 86
54 474 33
55 397 319
56 423 149
57 471 442
58 421 19
59 1 112
60 384 440
61 385 347
62 258 45
63 488 252
64 88 164
65 338 255
66 341 209
67 326 231
68 98 94
69 341 207
70 280 352
71 78 358
72 334 403
73 458 123
74 327 292
75 22 31
76 91 167
77 190 217
78 13 369
79 463 432
80 236 244
81 4 1
82 9 223
83 274 431
84 131 420
85 102 415
86 66 475
87 207 481
88 231 201
89 357 205
90 408 420
91 269 90
92 87 101
93 161 258
94 128 383
95 10 472
96 131 59
97 291 229
98 437 85
99 322 312
100 235 324
101 253 424
102 53 206
103 452 139
104 430 248
105 436 31
106 117 311
107 224 146
108 58 419
109 336 483
110 245 414
111 72 407
112 346 421
113 482 370
114 189 227
115 336 299
116 25 285
117 134 66
118 96 19
119 394 90
120 122 371
121 291 373
122 486 83
123 96 54
124 470 418
125 459 286
126 389 440
127 109 126
128 280 4
129 139 150
130 483 290
131 214 65
132 294 422
133 472 283
134 156 125
135 262 285
136 123 243
137 473 395
138 136 58
139 467 475
140 363 426
141 320 397
142 163 149
143 412 360
144 395 340
145 194 42
146 197 398
147 129 471
148 81 449
149 215 101
150 267 95
151 371 13
152 166 212
153 87 160
154 345 383
155 192 496
156 251 388
157 150 438
158 56 197
159 231 54
160 111 38
161 139 402
162 74 185
163 159 447
164 462 436
165 49 342
166 264 306
167 23 64
168 465 471
169 146 448
170 442 26
171 325 348
172 362 342
173 317 351
174 141 398
175 499 388
176 113 468
177 86 17
178 356 323
179 66 88
180 303 78
181 330 324
182 4 445
183 102 168
184 319 323
185 399 109
186 253 401
187 310 438
188 474 64
189 66 434
190 394 108
191 375 186
192 312 172
193 432 335
194 111 309
195 461 203
196 244 271
197 195 295
198 343 333
199 131 439
200 496 296
201 398 223
202 374 370
203 188 471
204 99 118
205 58 237
206 390 48
207 372 467
208 218 242
209 392 116
210 6 241
211 117 65
212 141 205
213 102 353
214 120 307
215 36 100
216 153 348
217 51 306
218 494 370
219 75 400
220 262 67
221 465 67
222 124 314
223 314 398
224 462 422
225 139 256
226 258 362
227 175 121
228 243 244
229 26 105
230 380 426
231 358 212
232 37 426
233 417 318
234 48 420
235 154 454
236 123 86
237 351 363
238 216 329
239 373 373
240 244 172
241 306 37
242 34 91
243 485 405
244 331 346
245 104 312
246 113 228
247 175 185
248 223 110
249 476 214
250 421 251
251 437 496
252 198 239
253 117 173
254 238 484
255 438 2
256 418 470
257 97 48
258 37 313
259 349 405
260 76 256
261 429 265
262 237 314
263 480 293
264 126 111
265 147 300
266 478 318
267 43 467
268 427 163
269 231 497
270 415 216
271 57 230
272 2 61
273 266 34
274 27 175
275 399 138
276 375 239
277 287 157
278 83 491
279 258 463
280 58 361
281 288 135
282 147 435
283 247 150
284 329 409
285 16 238
286 458 280
287 222 353
288 338 450
289 202 412
290 42 125
291 375 178
292 404 95
293 55 180
294 136 228
295 27 85
296 61 453
297 425 229
298 326 284
299 42 24
300 17 188
301 233 23
302 276 455
303 219 181
304 161 352
305 374 221
306 46 459
307 40 386
308 137 205
309 32 118
310 274 181
311 75 83
312 272 166
313 481 297
314 349 63
315 468 442
316 294 287
317 214 122
318 305 446
319 322 84
320 328 361
321 393 234
322 280 117
323 485 104
324 96 363
325 436 173
326 262 26
327 159 7
328 79 353
329 232 305
330 269 497
331 466 391
332 105 376
333 292 240
334 226 219
335 55 188
336 454 104
337 430 5
338 35 484
339 87 44
340 63 139
341 334 273
342 244 365
343 407 391
344 302 406
345 248 67
346 205 482
347 494 80
348 80 488
349 284 413
350 300 28
351 294 464
352 208 98
353 248 79
354 135 440
355 349 141
356 16 28
357 232 124
358 495 438
359 169 131
360 161 78
361 81 143
362 499 110
363 156 114
364 424 401
365 267 269
366 88 384
367 443 453
368 14 90
369 99 138
370 342 415
371 390 102
372 35 125
373 106 241
374 160 403
375 86 127
376 276 403
377 425 283
378 449 314
379 110 489
380 401 174
381 408 401
382 290 208
383 439 389
384 412 115
385 218 308
386 461 189
387 319 417
388 430 97
389 92 221
390 265 436
391 101 447
392 451 449
393 24 172
394 341 391
395 486 177
396 169 104
397 90 97
398 469 430
399 347 464
400 328 19
401 201 400
402 378 206
403 265 75
404 338 171
405 109 1
406 212 381
407 185 255
408 495 181
409 62 221
410 61 157
411 71 32
412 202 324
413 87 186
414 395 273
415 269 484
416 2 211
417 473 320
418 293 127
419 285 229
420 43 420
421 152 349
422 35 234
423 9 258
424 315 161
425 287 158
426 5 476
427 14 285
428 67 327
429 38 241
430 273 475
431 352 168
432 321 383
433 128 403
434 389 396
435 422 71
436 262 74
437 8 345
438 159 171
439 331 420
440 55 343
441 125 174
442 72 413
443 301 359
444 289 131
445 475 397
446 88 207
447 105 343
448 318 443
449 380 421
450 191 47
451 159 166
452 161 116
453 149 97
454 405 407
455 328 193
456 10 223
457 26 355
458 452 267
459 240 271
460 67 368
461 135 33
462 338 421
463 319 272
464 67 432
465 376 19
466 365 24
467 5 478
468 327 412
469 49 442
470 1 112
471 141 21
472 78 72
473 306 174
474 498 234
475 225 367
476 83 19
477 344 52
478 386 400
479 294 388
480 247 154
481 110 317
482 205 247
483 486 367
484 476 124
485 167 388
486 344 140
487 373 351
488 491 27
489 210 276
490 395 437
491 3 126
492 157 65
493 173 42
494 196 235
495 167 159
496 113 273
497 217 440
498 63 177
499 269 276
500 124 155
501 368 36
502 264 325
503 288 422
504 83 266
505 478 317
506 404 97
507 222 304
508 499 291
509 169 30
510 185 497
511 54 353
512 116 142
513 359 228
514 464 142
515 182 387
516 476 379
517 2 243
518 44 95
519 470 64
520 336 39
521 133 94
522 417 69
523 491 155
524 305 4
525 363 109
526 465 351
527 281 441
528 445 90
529 486 355
530 162 155
531 378 474
532 295 402
533 420 268
534 429 142
535 186 271
536 467 287
537 263 232
538 78 8
539 204 481
540 451 399
541 341 173
542 202 354
543 443 394
544 214 441
545 203 136
546 390 491
547 388 208
548 481 111
549 156 159
550 404 414
551 201 288
552 293 114
553 42 165
554 219 418
555 389 263
556 29 349
557 107 11
558 356 199
559 41 127
560 67 496
561 495 253
562 40 265
563 322 176
564 128 249
565 35 120
566 464 166
567 304 463
568 126 346
569 226 166
570 353 319
571 319 120
572 482 335
573 500 16
574 51 138
575 453 325
576 435 235
577 73 149
578 42 256
579 458 353
580 302 278
581 455 121
582 135 334
583 283 124
584 462 442
585 399 178
586 494 300
587 141 356
588 84 302
589 400 253
590 314 357
591 481 424
592 207 1
593 72 358
594 178 241
595 472 268
596 283 275
597 94 487
598 3 458
599 107 214
600 190 2
601 196 192
602 30 187
603 278 323
604 16 157
605 498 138
606 447 33
607 231 475
608 52 389
609 362 496
610 81 77
611 69 145
612 32 109
613 289 232
614 490 439
615 66 453
616 94 111
617 265 427
618 419 102
619 341 378
620 285 186
621 351 481
622 277 330
623 71 157
624 154 116
625 227 183
626 185 286
627 247 229
628 133 156
629 339 371
630 133 343
631 113 262
632 386 294
633 216 52
634 442 139
635 312 163
636 241 128
637 489 137
638 26 88
639 421 177
640 107 112
641 145 141
642 355 387
643 458 81
644 448 287
645 484 475
646 119 29
647 161 206
648 17 301
649 305 214
650 280 420
651 249 465
652 443 150
653 332 22
654 67 449
655 121 318
656 210 73
657 441 208
658 457 240
659 412 71
660 247 404
661 304 206
662 314 343
663 86 202
664 29 497
665 107 111
666 141 280
667 249 408
668 111 491
669 135 235
670 297 176
671 133 375
672 433 245
673 38 31
674 121 134
675 274 329
676 56 245
677 293 94
678 53 116
679 188 253
680 186 98
681 423 367
682 217 323
683 437 226
684 435 3
685 254 49
686 398 405
687 317 236
688 277 173
689 82 184
690 445 377
691 1 401
692 481 232
693 362 298
694 423 240
695 348 436
696 136 498
697 171 449
698 198 113
699 217 362
700 474 360
701 444 4
702 215 91
703 41 358
704 302 169
705 169 457
706 382 143
707 73 357
708 245 96
709 9 102
710 308 47
711 153 422
712 361 442
713 21 392
714 98 236
715 46 151
716 397 170
717 465 370
718 17 396
719 373 377
720 61 258
721 441 70
722 69 318
723 367 110
724 204 41
725 415 400
726 423 260
727 214 251
728 161 302
729 6 68
730 149 490
731 472 334
732 329 245
733 233 216
734 384 257
735 97 123
736 190 338
737 284 56
738 352 95
739 421 182
740 75 184
741 216 415
742 115 251
743 449 136
744 411 187
745 381 250
746 11 456
747 187 145
748 37 279
749 273 342
750 465 407
751 316 265
752 409 314
753 400 79
754 238 78
755 348 185
756 145 35
757 195 407
758 154 376
759 60 23
760 365 162
761 455 233
762 42 188
763 355 237
764 207 190
765 215 322
766 376 71
767 379 359
768 177 448
769 473 417
770 48 132
771 132 245
772 188 257
773 151 112
774 280 108
775 479 182
776 233 298
777 173 250
778 389 288
779 449 180
780 80 363
781 96 411
782 461 115
783 392 30
784 261 189
785 219 368
786 3 236
787 73 147
788 366 458
789 192 176
790 254 249
791 7 49
792 298 332
793 175 431
794 132 104
795 366 299
796 170 51
797 206 56
798 189 371
799 59 54
800 461 213
801 22 335
802 3 89
803 125 414
804 342 272
805 198 315
806 159 448
807 411 101
808 310 163
809 92 76
810 257 306
811 46 80
812 336 194
813 235 279
814 420 414
815 98 78
816 238 443
817 453 333
818 341 222
819 374 114
820 364 461
821 212 471
822 202 285
823 233 493
824 419 449
825 335 457
826 182 86
827 372 416
828 445 384
829 467 158
830 312 20
831 496 234
832 9 282
833 388 170
834 111 351
835 412 105
836 74 319
837 5 198
838 269 173
839 46 207
840 384 42
841 111 437
842 102 243
843 79 426
844 386 245
845 274 187
846 86 68
847 337 393
848 344 323
849 490 48
850 52 244
851 344 492
852 287 88
853 58 37
854 485 317
855 418 475
856 328 33
857 435 125
858 401 380
859 434 113
860 175 469
861 161 229
862 434 128
863 459 319
864 324 273
865 305 345
866 85 331
867 206 38
868 485 174
869 228 125
870 18 499
871 329 222
872 259 126
873 368 338
874 370 500
875 430 90
876 407 265
877 105 339
878 294 492
879 201 455
880 304 356
881 216 314
882 288 324
883 2 282
884 288 389
885 331 293
886 393 416
887 298 266
888 138 121
889 252 107
890 1 203
891 257 146
892 303 455
893 444 205
894 261 389
895 467 112
896 340 431
897 9 461
898 55 79
899 157 108
900 147 474
901 400 400
902 57 336
903 462 47
904 224 234
905 171 483
906 86 286
907 276 389
908 107 492
909 71 433
910 361 149
911 380 290
912 17 80
913 303 343
914 207 470
915 93 23
916 497 162
917 366 152
918 438 324
919 360 119
920 455 18
921 410 393
922 385 445
923 274 216
924 71 127
925 169 463
926 470 45
927 261 403
928 443 420
929 89 41
930 278 10
931 211 388
932 145 18
933 418 158
934 267 275
935 168 154
936 109 127
937 137 295
938 105 378
939 230 369
940 296 485
941 249 329
942 94 83
943 189 139
944 143 384
945 128 60
946 252 472
947 9 353
948 117 315
949 281 471
950 394 16
951 150 225
952 499 178
953 81 377
954 450 493
955 348 315
956 154 305
957 233 45
958 285 479
959 395 212
960 116 225
961 466 397
962 481 265
963 94 252
964 234 194
965 169 369
966 360 217
967 53 96
968 457 455
969 443 65
970 479 9
971 111 211
972 75 79
973 341 341
974 430 72
975 228 262
976 304 487
977 307 38
978 50 313
979 339 197
980 150 355
981 163 118
982 470 378
983 214 288
984 340 210
985 296 67
986 28 179
987 100 194
988 411 361
989 26 13
990 171 431
991 460 141
992 208 196
993 495 124
994 324 184
995 426 130
996 122 32
997 264 473
998 114 116
999 118 156
1000 329 315
1001 215 229
1002 454 382
1003 330 261
1004 157 470
1005 203 145
1006 197 401
1007 163 351
1008 423 32
1009 362 46
1010 443 220
1011 40 80
1012 241 1
1013 368 168
1014 100 25
1015 162 234
1016 259 2
1017 401 426
1018 438 358
1019 360 461
1020 265 366
1021 30 423
1022 165 334
1023 425 363
1024 329 204
1025 188 213
1026 494 420
1027 449 378
1028 387 375
1029 413 136
1030 225 350
1031 377 105
1032 228 453
1033 35 265
1034 97 304
1035 409 190
1036 303 421
1037 491 327
1038 1 268
1039 134 88
1040 180 312
1041 13 237
1042 139 328
1043 232 67
1044 157 423
1045 455 225
1046 363 225
1047 352 31
1048 242 483
1049 122 329
1050 175 107
1051 252 295
1052 210 358
1053 21 426
1054 322 284
1055 106 232
1056 371 425
1057 73 302
1058 417 167
1059 393 283
1060 9 186
1061 412 138
1062 290 221
1063 112 102
1064 148 73
1065 71 218
1066 35 450
1067 122 273
1068 396 94
1069 436 39
1070 239 313
1071 282 307
1072 91 120
1073 87 448
1074 493 477
1075 125 323
1076 380 108
1077 239 370
1078 26 466
1079 205 153
1080 90 494
1081 260 150
1082 220 46
1083 391 293
1084 439 240
1085 409 2
1086 288 127
1087 263 16
1088 154 257
1089 165 36
1090 98 11
1091 459 184
1092 28 472
1093 266 375
1094 414 73
1095 243 202
1096 257 282
1097 339 347
1098 331 250
1099 259 297
1100 127 11
1101 244 297
1102 235 269
1103 414 298
1104 220 214
1105 64 130
1106 404 124
1107 63 300
1108 333 346
1109 472 226
1110 214 136
1111 145 150
1112 159 301
1113 17 478
1114 467 294
1115 216 440
1116 95 295
1117 201 302
1118 8 176
1119 315 257
1120 192 349
1121 71 62
1122 91 420
1123 426 230
1124 335 334
1125 425 499
1126 439 40
1127 337 2
1128 191 159
1129 87 400
1130 480 402
1131 20 94
1132 313 131
1133 117 388
1134 5 240
1135 275 230
1136 8 425
1137 235 408
1138 350 396
1139 195 57
1140 227 343
1141 149 159
1142 200 335
1143 158 355
1144 224 216
1145 438 446
1146 291 35
1147 441 202
1148 157 338
1149 83 136
1150 39 53
1151 189 258
1152 94 266
1153 217 150
1154 83 344
1155 391 245
1156 81 146
1157 160 170
1158 300 420
1159 223 404
1160 485 442
1161 300 12
1162 30 7
1163 29 194
1164 341 64
1165 406 414
1166 141 103
1167 464 192
1168 233 374
1169 497 255
1170 34 249
1171 279 189
1172 34 465
1173 435 97
1174 328 304
1175 484 214
1176 467 360
1177 480 198
1178 227 228
1179 137 245
1180 437 480
1181 136 64
1182 9 150
1183 286 192
1184 78 273
1185 199 431
1186 115 446
1187 125 237
1188 209 353
1189 48 444
1190 9 166
1191 253 10
1192 122 349
1193 333 234
1194 329 333
1195 477 109
1196 236 397
1197 380 454
1198 323 40
1199 458 371
1200 91 322
1201 266 302
1202 168 268
1203 96 397
1204 87 95
1205 226 475
1206 52 491
1207 427 237
1208 91 33
1209 214 473
1210 277 425
1211 431 281
1212 215 25
1213 170 133
1214 188 221
1215 75 334
1216 120 245
1217 260 266
1218 418 461
1219 58 20
1220 120 400
1221 93 278
1222 256 13
1223 169 134
1224 211 19
1225 174 172
1226 397 203
1227 386 242
1228 346 156
1229 129 358
1230 460 185
1231 274 349
1232 404 142
1233 14 266
1234 370 83
1235 4 172
1236 300 127
1237 323 308
1238 108 229
1239 294 79
1240 61 227
1241 139 320
1242 352 220
1243 337 34
1244 494 491
1245 186 222
1246 189 102
1247 316 425
1248 222 205
1249 395 241
1250 382 174
1251 391 466
1252 456 284
1253 472 168
1254 143 222
1255 109 447
1256 287 76
1257 324 271
1258 420 5
1259 2 414
1260 168 388
1261 88 155
1262 449 404
1263 248 21
1264 455 420
1265 436 4
1266 196 411
1267 106 108
1268 18 76
1269 239 383
1270 303 49
1271 459 241
1272 463 251
1273 134 427
1274 323 329
1275 211 338
1276 371 255
1277 463 22
1278 289 43
1279 398 155
1280 308 480
1281 71 283
1282 142 28
1283 331 379
1284 8 224
1285 394 400
1286 42 450
1287 229 238
1288 236 327
1289 304 209
1290 376 331
1291 309 25
1292 284 366
1293 182 98
1294 63 201
1295 444 148
1296 439 175
1297 239 197
1298 292 228
1299 49 343
1300 492 321
1301 133 84
1302 441 112
1303 49 402
1304 498 485
1305 22 90
1306 207 285
1307 327 353
1308 53 321
1309 267 139
1310 385 181
1311 316 272
1312 244 494
1313 89 401
1314 298 354
1315 446 494
1316 259 472
1317 103 441
1318 71 252
1319 456 312
1320 349 72
1321 290 419
1322 278 236
1323 172 333
1324 427 425
1325 103 326
1326 463 242
1327 182 27
1328 53 209
1329 58 152
1330 171 58
1331 448 119
1332 472 466
1333 359 336
1334 359 268
1335 259 367
1336 91 260
1337 272 296
1338 482 265
1339 82 412
1340 478 217
1341 192 317
1342 62 125
1343 258 320
1344 483 170
1345 53 56
1346 251 226
1347 158 108
1348 35 231
1349 487 441
1350 203 197
1351 362 499
1352 498 49
1353 374 244
1354 47 130
1355 103 361
1356 179 415
1357 210 155
1358 337 10
1359 200 285
1360 199 79
1361 493 232
1362 115 398
1363 431 473
1364 436 326
1365 152 175
1366 97 243
1367 289 154
1368 134 365
1369 318 435
1370 12 39
1371 326 488
1372 72 13
1373 115 295
1374 299 173
1375 328 493
1376 335 474
1377 473 153
1378 173 446
1379 345 325
1380 301 209
1381 326 371
1382 497 117
1383 166 300
1384 435 4
1385 442 206
1386 8 289
1387 151 432
1388 283 289
1389 48 489
1390 158 78
1391 430 307
1392 318 196
1393 275 413
1394 207 254
1395 311 46
1396 433 47
1397 429 444
1398 197 443
1399 406 189
1400 346 173
1401 1 135
1402 112 45
1403 312 289
1404 130 470
1405 288 282
1406 288 155
1407 390 128
1408 360 68
1409 498 160
1410 94 144
1411 80 432
1412 62 299
1413 157 279
1414 453 478
1415 355 151
1416 221 377
1417 186 405
1418 12 487
1419 419 319
1420 84 307
1421 3 366
1422 76 22
1423 409 282
1424 346 48
1425 53 464
1426 476 313
1427 387 24
1428 62 341
1429 221 117
1430 113 393
1431 134 141
1432 267 397
1433 146 225
1434 232 88
1435 276 479
1436 317 305
1437 50 57
1438 389 395
1439 38 306
1440 392 101
1441 261 347
1442 116 13
1443 491 405
1444 405 372
1445 268 172
1446 493 377
1447 443 316
1448 273 122
1449 235 46
1450 182 266
1451 205 36
1452 101 367
1453 73 116
1454 427 437
1455 309 370
1456 300 47
1457 316 250
1458 185 238
1459 360 200
1460 64 350
1461 226 239
1462 261 294
1463 66 371
1464 364 468
1465 253 323
1466 262 166
1467 145 18
1468 300 90
1469 156 199
1470 199 300
1471 186 94
1472 181 120
1473 360 158
1474 257 164
1475 243 28
1476 157 213
1477 317 29
1478 68 165
1479 337 399
1480 46 150
1481 416 86
1482 286 317
1483 267 235
1484 213 469
1485 265 154
1486 373 99
1487 95 8
1488 480 6
1489 421 165
1490 225 85
1491 389 162
1492 48 136
1493 496 2
1494 185 207
1495 302 13
1496 278 43
1497 320 44
1498 471 418
1499 357 136
1500 3 268
1501 246 439
1502 258 82
1503 293 402
1504 163 99
1505 458 201
1506 417 107
1507 153 145
1508 173 65
1509 69 427
1510 388 190
1511 344 491
1512 331 394
1513 135 7
1514 234 497
1515 215 245
1516 481 289
1517 122 394
1518 160 237
1519 305 324
1520 309 230
1521 269 186
1522 148 343
1523 254 106
1524 339 292
1525 231 437
1526 349 360
1527 11 180
1528 181 128
1529 289 338
1530 62 201
1531 323 424
1532 483 304
1533 430 133
1534 368 90
1535 203 467
1536 359 109
1537 13 365
1538 462 357
1539 418 38
1540 242 307
1541 272 309
1542 278 172
1543 294 430
1544 181 500
1545 387 218
1546 194 461
1547 29 225
1548 88 394
1549 371 288
1550 10 440
1551 456 193
1552 282 247
1553 88 52
1554 316 110
1555 162 274
1556 453 185
1557 220 239
1558 60 89
1559 120 286
1560 270 340
1561 115 452
1562 360 286
1563 1 56
1564 438 449
1565 496 371
1566 46 283
1567 116 464
1568 388 95
1569 126 66
1570 447 164
1571 481 426
1572 129 257
1573 143 356
1574 158 197
1575 291 199
1576 463 148
1577 386 76
1578 347 430
1579 196 447
1580 402 70
1581 197 492
1582 130 181
1583 80 400
1584 56 151
1585 346 71
1586 184 380
1587 163 19
1588 191 316
1589 389 210
1590 5 387
1591 130 6
1592 377 281
1593 463 14
1594 118 189
1595 100 129
1596 333 138
1597 248 196
1598 99 313
1599 184 241
1600 119 293
1601 21 112
1602 450 371
1603 12 90
1604 229 99
1605 488 6
1606 154 341
1607 87 433
1608 34 489
1609 329 35
1610 252 73
1611 481 204
1612 175 281
1613 141 154
1614 349 473
1615 376 445
1616 153 77
1617 299 50
1618 198 463
1619 200 487
1620 366 311
1621 486 327
1622 426 97
1623 47 353
1624 209 43
1625 30 250
1626 450 112
1627 411 138
1628 160 9
1629 472 464
1630 322 247
1631 225 179
1632 435 262
1633 146 196
1634 42 393
1635 20 123
1636 358 429
1637 446 80
1638 320 415
1639 87 71
1640 44 214
1641 272 421
1642 347 24
1643 312 338
1644 356 250
1645 126 327
1646 383 145
1647 496 460
1648 295 298
1649 145 348
1650 325 29
1651 281 438
1652 149 35
1653 381 444
1654 409 218
1655 451 377
1656 213 340
1657 488 312
1658 396 26
1659 257 63
1660 309 49
1661 13 315
1662 321 403
1663 72 177
1664 135 45
1665 402 15
1666 375 324
1667 88 309
1668 161 437
1669 353 43
1670 3 337
1671 467 111
1672 359 248
1673 148 334
1674 65 13
1675 302 401
1676 31 171
1677 102 15
1678 221 245
1679 446 262
1680 357 451
1681 322 59
1682 205 280
1683 276 177
1684 42 327
1685 1 110
1686 304 335
1687 181 1
1688 65 261
1689 57 248
1690 99 365
1691 74 95
1692 80 365
1693 497 278
1694 469 317
1695 42 258
1696 445 459
1697 490 11
1698 397 166
1699 229 118
1700 148 207
1701 239 387
1702 318 128
1703 433 11
1704 114 63
1705 388 163
1706 89 135
1707 387 434
1708 493 36
1709 325 329
1710 134 70
1711 123 19
1712 457 381
1713 417 315
1714 430 235
1715 342 123
1716 479 368
1717 383 12
1718 267 185
1719 150 469
1720 279 148
1721 200 82
1722 119 355
1723 116 479
1724 309 74
1725 160 495
1726 474 332
1727 26 311
1728 173 497
1729 394 240
1730 194 190
1731 378 335
1732 354 139
1733 444 140
1734 256 34
1735 89 198
1736 392 123
1737 191 247
1738 215 233
1739 95 373
1740 435 95
1741 252 284
1742 319 315
1743 472 52
1744 157 118
1745 210 219
1746 446 157
1747 465 491
1748 44 171
1749 354 52
1750 434 337
1751 282 428
1752 453 102
1753 443 31
1754 366 460
1755 279 477
1756 121 331
1757 310 80
1758 83 316
1759 214 446
1760 471 374
1761 480 363
1762 455 410
1763 493 313
1764 128 7
1765 358 499
1766 416 275
1767 443 213
1768 19 449
1769 399 136
1770 354 412
1771 430 85
1772 263 440
1773 68 206
1774 153 354
1775 262 256
1776 300 472
1777 334 396
1778 82 91
1779 139 111
1780 324 187
1781 337 36
1782 205 1
1783 73 129
1784 126 113
1785 325 334
1786 156 460
1787 60 472
1788 315 466
1789 418 87
1790 403 499
1791 435 478
1792 234 178
1793 221 266
1794 59 194
1795 299 340
1796 38 130
1797 295 87
1798 359 410
1799 28 475
1800 496 311
1801 11 2
1802 151 174
1803 399 21
1804 40 209
1805 331 281
1806 87 141
1807 499 146
1808 462 259
1809 69 177
1810 200 36
1811 155 359
1812 382 53
1813 281 499
1814 171 464
1815 283 257
1816 273 311
1817 461 221
1818 399 145
1819 130 180
1820 361 258
1821 327 120
1822 356 443
1823 129 41
1824 119 161
1825 56 300
1826 298 495
1827 140 149
1828 413 176
1829 477 336
1830 90 342
1831 158 174
1832 48 48
1833 312 155
1834 233 184
1835 141 499
1836 53 423
1837 249 211
1838 155 240
1839 454 32
1840 42 146
1841 252 402
1842 475 236
1843 34 229
1844 349 451
1845 214 151
1846 153 148
1847 246 386
1848 412 350
1849 246 496
1850 408 149
1851 43 496
1852 34 333
1853 84 53
1854 247 125
1855 437 320
1856 189 152
1857 359 153
1858 207 202
1859 469 38
1860 497 86
1861 160 500
1862 164 435
1863 298 286
1864 299 3
1865 134 194
1866 80 153
1867 206 108
1868 4 438
1869 79 7
1870 112 474
1871 322 314
1872 462 128
1873 321 352
1874 298 98
1875 64 11
1876 155 95
1877 429 444
1878 374 293
1879 309 53
1880 351 410
1881 170 247
1882 330 391
1883 62 464
1884 169 176
1885 410 388
1886 471 160
1887 426 411
1888 187 85
1889 45 336
1890 38 128
1891 457 121
1892 240 129
1893 372 282
1894 416 257
1895 66 213
1896 77 99
1897 237 282
1898 21 353
1899 433 246
1900 328 33
1901 150 405
1902 195 208
1903 1 406
1904 6 122
1905 477 301
1906 304 239
1907 479 113
1908 374 349
1909 282 273
1910 245 269
1911 394 468
1912 42 326
1913 266 186
1914 207 154
1915 112 372
1916 37 283
1917 280 229
1918 331 137
1919 429 307
1920 425 166
1921 298 307
1922 347 110
1923 224 206
1924 206 74
1925 281 96
1926 319 461
1927 362 51
1928 335 23
1929 322 43
1930 358 253
1931 477 270
1932 135 114
1933 9 403
1934 12 247
1935 1 281
1936 271 193
1937 473 200
1938 23 151
1939 255 492
1940 194 465
1941 125 293
1942 294 6
1943 189 337
1944 78 342
1945 183 108
1946 159 284
1947 360 469
1948 352 430
1949 135 384
1950 491 85
1951 17 6
1952 308 157
1953 420 211
1954 209 243
1955 206 293
1956 111 494
1957 189 450
1958 462 273
1959 112 482
1960 209 47
1961 156 89
1962 109 282
1963 443 283
1964 275 48
1965 203 427
1966 54 366
1967 476 148
1968 258 401
1969 32 479
1970 159 495
1971 29 222
1972 21 444
1973 366 366
1974 200 57
1975 456 319
1976 304 494
1977 376 476
1978 197 15
1979 417 312
1980 399 64
1981 222 95
1982 53 65
1983 90 248
1984 481 285
1985 313 246
1986 57 236
1987 131 200
1988 480 192
1989 150 454
1990 159 117
1991 152 286
1992 186 469
1993 340 166
1994 383 215
1995 157 37
1996 32 119
1997 169 120
1998 330 464
1999 379 243
2000 69 277
2001 381 479
2002 495 22
2003 152 178
2004 198 27
2005 139 132
2006 468 280
2007 473 103
2008 55 110
2009 433 138
2010 151 417
2011 169 232
2012 289 327
2013 51 384
2014 251 381
2015 99 375
2016 92 279
2017 73 160
2018 153 390
2019 138 313
2020 434 250
2021 210 451
2022 179 362
2023 218 486
2024 414 180
2025 185 429
2026 372 187
2027 52 466
2028 439 113
2029 262 256
2030 132 340
2031 245 257
2032 250 413
2033 421 7
2034 414 112
2035 357 352
2036 353 308
2037 120 204
2038 219 148
2039 98 112
2040 19 440
2041 18 156
2042 234 473
2043 229 430
2044 340 201
2045 486 38
2046 281 427
2047 389 313
2048 193 32
2049 227 365
2050 170 208
2051 5 465
2052 105 210
2053 279 279
2054 98 193
2055 83 113
2056 120 356
2057 224 340
2058 480 329
2059 190 344
2060 224 23
2061 405 281
2062 422 95
2063 97 380
2064 240 197
2065 13 17
2066 62 448
2067 57 290
2068 376 475
2069 449 491
2070 109 182
2071 451 332
2072 228 414
2073 440 274
2074 222 277
2075 15 197
2076 78 274
2077 452 203
2078 247 146
2079 171 185
2080 259 384
2081 75 180
2082 416 124
2083 11 430
2084 163 369
2085 118 154
2086 288 108
2087 296 98
2088 169 274
2089 344 195
2090 60 30
2091 398 65
2092 369 383
2093 362 476
2094 341 163
2095 478 476
2096 458 150
2097 396 411
2098 116 305
2099 271 155
2100 13 168
2101 290 140
2102 374 11
2103 234 266
2104 171 18
2105 352 1
2106 268 359
2107 455 258
2108 368 140
2109 275 118
2110 238 125
2111 109 42
2112 331 33
2113 175 201
2114 167 359
2115 424 56
2116 486 210
2117 462 173
2118 17 38
2119 69 283
2120 234 253
2121 43 269
2122 296 324
2123 37 50
2124 312 227
2125 135 250
2126 350 462
2127 108 377
2128 12 408
2129 221 476
2130 193 468
2131 164 413
2132 91 475
2133 9 110
2134 495 56
2135 163 10
2136 32 299
2137 71 321
2138 333 138
2139 317 238
2140 170 415
2141 140 462
2142 26 306
2143 48 229
2144 289 74
2145 443 291
2146 136 401
2147 104 9
2148 438 453
2149 260 456
2150 179 95
2151 266 71
2152 101 226
2153 317 91
2154 190 405
2155 393 280
2156 254 166
2157 490 47
2158 489 171
2159 167 308
2160 27 312
2161 221 432
2162 377 281
2163 228 152
2164 365 41
2165 480 367
2166 496 338
2167 37 461
2168 56 494
2169 23 35
2170 243 490
2171 158 263
2172 417 387
2173 181 334
2174 394 331
2175 352 365
2176 244 155
2177 375 200
2178 64 114
2179 245 152
2180 284 228
2181 43 395
2182 155 443
2183 37 184
2184 94 426
2185 165 347
2186 190 259
2187 190 452
2188 108 102
2189 104 395
2190 269 133
2191 196 433
2192 104 138
2193 499 117
2194 368 310
2195 74 10
2196 495 308
2197 14 205
2198 360 414
2199 419 142
2200 33 288
2201 314 217
2202 377 453
2203 405 171
2204 17 279
2205 189 354
2206 80 3
2207 379 451
2208 58 265
2209 406 306
2210 433 465
2211 231 46
2212 226 380
2213 417 46
2214 290 297
2215 67 58
2216 125 206
2217 225 395
2218 434 431
2219 235 259
2220 63 58
2221 344 64
2222 177 386
2223 138 30
2224 404 443
2225 440 292
2226 265 138
2227 354 249
2228 138 380
2229 416 191
2230 71 435
2231 455 156
2232 417 187
2233 425 301
2234 476 50
2235 63 362
2236 487 150
2237 452 390
2238 358 381
2239 67 113
2240 494 145
2241 385 483
2242 308 383
2243 121 72
2244 59 393
2245 180 130
2246 2 39
2247 448 360
2248 375 478
2249 27 426
2250 123 411
2251 184 300
2252 277 133
2253 159 357
2254 321 311
2255 487 283
2256 357 36
2257 254 68
2258 465 284
2259 312 435
2260 176 8
2261 164 235
2262 286 328
2263 311 267
2264 62 27
2265 35 296
2266 75 240
2267 35 267
2268 205 413
2269 214 409
2270 234 489
2271 161 454
2272 479 324
2273 174 95
2274 302 238
2275 261 185
2276 462 443
2277 67 171
2278 9 471
2279 181 126
2280 87 285
2281 384 225
2282 14 144
2283 431 110
2284 193 88
2285 108 26
2286 186 414
2287 74 211
2288 488 79
2289 140 465
2290 194 246
2291 453 256
2292 61 210
2293 214 288
2294 126 110
2295 231 100
2296 87 105
2297 465 119
2298 60 491
2299 82 439
2300 288 478
2301 261 457
2302 269 163
2303 54 42
2304 3 276
2305 378 110
2306 164 449
2307 15 288
2308 406 70
2309 113 253
2310 189 182
2311 303 30
2312 1 489
2313 393 81
2314 47 170
2315 122 316
2316 479 53
2317 8 311
2318 26 224
2319 469 210
2320 382 306
2321 72 87
2322 157 172
2323 343 454
2324 292 4
2325 431 163
2326 93 318
2327 233 475
2328 365 427
2329 251 59
2330 360 479
2331 401 274
2332 101 28
2333 134 259
2334 35 12
2335 255 20
2336 140 210
2337 197 349
2338 500 214
2339 129 232
2340 189 486
2341 150 402
2342 58 46
2343 138 271
2344 401 87
2345 76 304
2346 88 385
2347 303 419
2348 99 358
2349 209 103
2350 371 329
2351 21 227
2352 263 378
2353 219 435
2354 316 147
2355 28 395
2356 9 274
2357 144 478
2358 119 69
2359 413 353
2360 133 94
2361 334 361
2362 246 416
2363 326 356
2364 379 404
2365 466 446
2366 184 10
2367 487 339
2368 190 479
2369 401 346
2370 107 363
2371 215 444
2372 101 496
2373 425 97
2374 376 345
2375 169 96
2376 289 158
2377 128 376
2378 300 427
2379 181 203
2380 4 491
2381 490 235
2382 169 18
2383 5 59
2384 199 351
2385 479 330
2386 296 119
2387 86 254
2388 218 260
2389 324 228
2390 229 245
2391 392 423
2392 236 300
2393 390 438
2394 272 496
2395 158 426
2396 490 137
2397 440 406
2398 149 212
2399 402 121
2400 451 117
2401 435 348
2402 442 344
2403 356 173
2404 202 52
2405 337 399
2406 382 14
2407 42 434
2408 193 422
2409 312 227
2410 144 192
2411 14 264
2412 445 182
2413 86 397
2414 46 69
2415 411 273
2416 442 273
2417 148 469
2418 409 438
2419 294 326
2420 139 169
2421 395 482
2422 337 303
2423 371 298
2424 488 469
2425 266 208
2426 334 474
2427 119 475
2428 306 83
2429 379 266
2430 470 90
2431 428 143
2432 114 494
2433 144 428
2434 211 327
2435 350 371
2436 239 427
2437 313 215
2438 145 12
2439 188 166
2440 86 441
2441 457 129
2442 493 466
2443 132 168
2444 419 108
2445 336 175
2446 193 145
2447 349 256
2448 376 412
2449 209 112
2450 309 25
2451 431 466
2452 180 415
2453 158 205
2454 162 204
2455 327 349
2456 161 2
2457 60 57
2458 350 359
2459 431 464
2460 216 197
2461 457 486
2462 243 5
2463 238 443
2464 280 111
2465 124 227
2466 86 434
2467 61 187
2468 180 19
2469 293 176
2470 47 321
2471 78 16
2472 442 429
2473 99 226
2474 387 191
2475 74 233
2476 236 227
2477 457 214
2478 380 324
2479 77 385
2480 108 101
2481 243 378
2482 269 166
2483 194 152
2484 34 486
2485 346 197
2486 275 478
2487 317 157
2488 100 162
2489 309 422
2490 71 248
2491 17 168
2492 247 432
2493 33 94
2494 195 294
2495 342 60
2496 111 2
2497 202 328
2498 41 95
2499 409 100
2500 375 273
1 33 75
2 75 9
3 2 22
4 71 21
5 53 92
6 75 73
7 64 94
8 92 88
9 82 46
10 95 11
11 69 48
12 58 63
13 53 46
14 63 78
15 15 5
16 77 33
17 58 82
18 44 65
19 68 74
20 12 81
21 3 44
22 51 61
23 44 44
24 62 86
25 94 77
26 18 42
27 26 66
28 43 50
29 74 91
30 33 44
31 60 82
32 59 54
33 68 88
34 92 85
35 9 78
36 15 80
37 26 96
38 2 57
39 61 44
40 79 68
41 89 94
42 94 68
43 96 81
44 47 13
45 88 83
46 32 31
47 50 62
48 17 40
49 54 31
50 12 89
51 20 90
52 60 51
53 89 23
54 70 82
55 21 84
56 12 54
57 48 96
58 62 56
59 81 34
60 97 75
61 24 86
62 88 44
63 55 21
64 49 55
65 78 29
66 74 43
67 12 40
68 87 36
69 57 45
70 74 52
71 77 98
72 58 54
73 50 27
74 73 29
75 31 36
76 43 49
77 84 85
78 36 92
79 72 34
80 30 58
81 34 43
82 73 50
83 12 85
84 95 4
85 19 91
86 63 68
87 51 71
88 67 92
89 91 67
90 8 10
91 68 2
92 16 79
93 77 31
94 65 35
95 23 23
96 9 65
97 34 9
98 50 54
99 13 32
100 78 27
101 55 40
102 71 27
103 13 26
104 28 11
105 63 12
106 15 88
107 69 75
108 52 63
109 42 89
110 85 63
111 29 97
112 79 100
113 93 78
114 42 89
115 11 88
116 44 71
117 12 86
118 3 96
119 68 41
120 36 92
121 51 86
122 92 66
123 78 6
124 21 17
125 82 37
126 56 74
127 18 60
128 66 100
129 42 21
130 16 35
131 95 66
132 75 37
133 25 79
134 22 96
135 95 54
136 16 54
137 81 54
138 74 41
139 79 13
140 25 20
141 86 56
142 35 91
143 14 20
144 2 14
145 41 47
146 20 29
147 24 24
148 64 26
149 38 91
150 69 63
151 97 90
152 47 62
153 94 59
154 72 53
155 93 95
156 92 96
157 68 87
158 87 68
159 56 56
160 1 53
161 14 85
162 29 75
163 54 59
164 91 49
165 84 59
166 79 18
167 6 80
168 22 29
169 77 56
170 24 75
171 44 36
172 42 75
173 87 73
174 18 38
175 3 91
176 26 27
177 88 75
178 4 13
179 51 34
180 83 57
181 50 50
182 35 3
183 98 3
184 18 16
185 7 77
186 87 70
187 38 55
188 58 99
189 87 58
190 63 52
191 67 22
192 69 47
193 59 27
194 36 87
195 57 65
196 9 27
197 11 4
198 15 36
199 54 15
200 2 23
201 54 94
202 43 80
203 22 47
204 13 2
205 19 90
206 1 60
207 26 60
208 99 3
209 48 87
210 23 71
211 46 30
212 59 56
213 47 5
214 81 29
215 42 8
216 42 95
217 10 7
218 53 1
219 52 73
220 18 34
221 80 65
222 31 84
223 75 19
224 47 11
225 100 73
226 14 92
227 23 47
228 59 19
229 19 19
230 54 25
231 47 50
232 64 96
233 61 29
234 14 75
235 37 37
236 12 61
237 34 80
238 63 26
239 54 18
240 45 37
241 66 18
242 95 13
243 19 69
244 68 34
245 51 65
246 34 1
247 7 56
248 1 16
249 93 7
250 74 69
251 96 16
252 81 7
253 60 33
254 79 76
255 5 39
256 3 83
257 21 78
258 44 16
259 31 56
260 14 88
261 47 63
262 14 81
263 12 45
264 98 39
265 45 30
266 49 76
267 90 77
268 25 79
269 66 21
270 6 53
271 19 88
272 48 64
273 78 54
274 16 40
275 52 54
276 11 69
277 24 94
278 27 24
279 1 23
280 7 40
281 81 74
282 88 3
283 71 41
284 35 23
285 37 93
286 55 40
287 6 19
288 92 34
289 31 73
290 10 22
291 52 53
292 13 66
293 83 56
294 90 21
295 26 51
296 29 55
297 27 37
298 50 77
299 99 39
300 37 68
301 56 2
302 82 66
303 52 54
304 64 5
305 91 90
306 63 89
307 45 60
308 54 69
309 94 24
310 89 63
311 10 42
312 64 68
313 15 9
314 28 38
315 76 21
316 37 6
317 49 5
318 7 65
319 8 75
320 75 22
321 59 40
322 19 61
323 6 41
324 14 35
325 13 5
326 49 20
327 76 45
328 90 72
329 98 36
330 81 57
331 60 42
332 33 52
333 8 64
334 54 91
335 55 5
336 46 25
337 86 18
338 33 97
339 82 85
340 87 63
341 19 99
342 56 90
343 69 54
344 60 59
345 69 12
346 15 33
347 80 9
348 32 48
349 33 1
350 55 14
351 4 62
352 66 67
353 72 9
354 48 54
355 44 32
356 63 28
357 87 56
358 56 63
359 46 2
360 26 70
361 48 68
362 74 19
363 38 16
364 29 36
365 62 50
366 72 64
367 84 8
368 11 24
369 51 39
370 2 92
371 33 26
372 12 24
373 68 37
374 10 50
375 64 88
376 78 79
377 83 96
378 74 24
379 22 18
380 95 85
381 10 59
382 84 56
383 49 60
384 1 54
385 18 86
386 17 89
387 56 34
388 92 66
389 20 70
390 26 28
391 28 83
392 19 42
393 10 57
394 56 48
395 82 6
396 25 87
397 1 95
398 86 69
399 75 7
400 15 54
401 37 2
402 9 6
403 66 81
404 51 6
405 32 19
406 41 55
407 49 67
408 39 70
409 29 35
410 74 91
411 40 25
412 97 95
413 6 98
414 62 7
415 90 82
416 35 61
417 94 2
418 85 55
419 100 64
420 49 5
421 10 30
422 95 93
423 53 52
424 42 78
425 38 69
426 3 93
427 56 82
428 87 47
429 76 33
430 69 2
431 79 44
432 65 54
433 34 61
434 63 21
435 96 72
436 84 15
437 53 9
438 35 7
439 100 32
440 61 46
441 92 31
442 92 55
443 20 6
444 99 19
445 85 99
446 85 12
447 24 13
448 62 4
449 38 82
450 73 91
451 65 87
452 37 21
453 86 64
454 24 67
455 56 19
456 33 69
457 5 88
458 20 80
459 11 90
460 51 70
461 58 29
462 81 57
463 30 11
464 53 17
465 83 66
466 84 31
467 53 98
468 11 96
469 89 87
470 84 35
471 81 3
472 54 11
473 87 4
474 9 4
475 74 93
476 71 12
477 20 51
478 46 45
479 73 66
480 59 24
481 48 53
482 11 70
483 48 81
484 97 11
485 79 98
486 25 45
487 59 6
488 99 44
489 27 26
490 39 45
491 68 20
492 53 80
493 18 40
494 46 40
495 39 16
496 9 77
497 2 73
498 53 34
499 78 10
500 35 58
501 92 21
502 27 70
503 48 53
504 29 6
505 96 14
506 19 37
507 35 58
508 27 16
509 78 25
510 29 27
511 89 72
512 58 80
513 28 60
514 6 93
515 61 22
516 100 28
517 17 35
518 5 91
519 81 37
520 43 27
521 13 51
522 53 91
523 34 99
524 81 60
525 26 96
526 61 5
527 7 87
528 90 26
529 43 80
530 6 47
531 40 13
532 77 9
533 22 51
534 14 36
535 69 11
536 39 82
537 24 100
538 74 34
539 93 14
540 1 57
541 40 64
542 23 85
543 82 85
544 40 79
545 49 20
546 47 27
547 68 98
548 72 30
549 46 58
550 48 42
551 74 58
552 11 16
553 40 41
554 65 77
555 37 13
556 61 62
557 80 12
558 24 17
559 68 91
560 83 51
561 74 91
562 37 47
563 84 91
564 7 27
565 75 7
566 85 69
567 71 97
568 46 90
569 92 52
570 49 60
571 33 54
572 34 71
573 36 11
574 76 21
575 77 22
576 56 28
577 50 96
578 20 53
579 37 52
580 45 62
581 79 55
582 11 44
583 83 72
584 74 98
585 49 71
586 70 26
587 96 48
588 55 43
589 60 20
590 94 42
591 56 83
592 41 97
593 81 3
594 35 36
595 99 58
596 9 53
597 46 48
598 95 62
599 12 69
600 7 7
601 46 2
602 34 78
603 24 3
604 95 52
605 14 52
606 53 15
607 91 20
608 75 10
609 49 94
610 55 43
611 26 39
612 28 63
613 65 73
614 50 4
615 31 14
616 28 74
617 76 10
618 54 57
619 100 66
620 96 26
621 3 27
622 69 56
623 97 79
624 38 59
625 2 14
626 45 35
627 11 35
628 68 5
629 12 30
630 40 30
631 83 8
632 86 77
633 94 43
634 45 3
635 10 5
636 17 22
637 26 87
638 37 51
639 36 23
640 50 86
641 91 90
642 5 66
643 85 19
644 6 94
645 85 95
646 71 73
647 32 36
648 20 24
649 92 58
650 25 46
651 30 92
652 38 85
653 7 100
654 95 85
655 22 53
656 55 97
657 82 64
658 46 96
659 6 46
660 77 23
661 38 90
662 28 11
663 28 17
664 100 83
665 69 71
666 69 70
667 40 24
668 72 36
669 47 26
670 46 62
671 49 91
672 16 21
673 15 79
674 34 18
675 96 66
676 64 90
677 72 43
678 4 50
679 21 26
680 99 85
681 85 1
682 66 12
683 94 40
684 41 58
685 57 73
686 97 66
687 13 61
688 87 70
689 50 94
690 70 42
691 72 53
692 73 37
693 16 65
694 62 77
695 89 55
696 76 44
697 13 52
698 30 34
699 20 83
700 58 100
701 12 11
702 73 11
703 49 37
704 9 37
705 46 47
706 46 70
707 22 12
708 36 46
709 63 5
710 2 20
711 17 49
712 95 61
713 58 85
714 14 26
715 87 54
716 71 82
717 81 82
718 33 36
719 67 88
720 74 4
721 31 37
722 30 38
723 70 98
724 5 55
725 15 31
726 54 84
727 85 84
728 46 34
729 92 20
730 77 88
731 86 15
732 18 21
733 82 63
734 63 88
735 9 86
736 14 87
737 13 71
738 28 51
739 93 6
740 77 17
741 63 87
742 71 100
743 11 14
744 18 56
745 49 32
746 59 41
747 86 78
748 35 54
749 20 26
750 79 45
751 89 19
752 62 82
753 71 22
754 79 77
755 27 82
756 10 84
757 77 70
758 62 37
759 4 57
760 57 25
761 32 88
762 1 14
763 7 49
764 82 83
765 35 52
766 99 36
767 68 59
768 33 60
769 92 47
770 22 45
771 15 3
772 63 46
773 45 91
774 14 32
775 70 64
776 87 30
777 86 62
778 78 60
779 59 53
780 28 17
781 40 45
782 31 91
783 6 40
784 82 55
785 94 20
786 98 96
787 57 70
788 32 74
789 12 55
790 54 86
791 29 15
792 12 62
793 79 97
794 77 53
795 9 16
796 36 42
797 78 93
798 24 99
799 53 87
800 80 5
801 78 33
802 26 30
803 98 80
804 14 28
805 69 19
806 9 79
807 80 97
808 79 87
809 56 52
810 85 11
811 4 32
812 22 73
813 53 33
814 40 86
815 11 60
816 63 84
817 84 100
818 6 20
819 8 9
820 55 77
821 43 71
822 95 44
823 84 18
824 32 56
825 89 83
826 27 1
827 27 81
828 11 51
829 90 66
830 86 2
831 39 43
832 4 86
833 71 30
834 9 18
835 15 71
836 41 77
837 34 96
838 10 64
839 98 99
840 11 75
841 9 17
842 9 65
843 12 31
844 64 14
845 69 71
846 68 39
847 29 55
848 59 2
849 91 16
850 88 24
851 25 87
852 63 51
853 58 50
854 58 30
855 10 99
856 51 4
857 36 65
858 12 34
859 82 100
860 3 9
861 85 68
862 5 45
863 23 2
864 32 52
865 100 76
866 67 45
867 86 32
868 24 43
869 40 27
870 71 20
871 44 21
872 33 26
873 79 15
874 97 64
875 58 93
876 9 88
877 79 85
878 66 75
879 6 47
880 13 5
881 57 21
882 63 26
883 52 100
884 28 68
885 97 37
886 64 39
887 58 46
888 22 36
889 51 70
890 50 53
891 80 2
892 14 35
893 3 75
894 67 34
895 32 30
896 40 48
897 62 73
898 86 67
899 82 31
900 6 33
901 91 72
902 94 78
903 7 61
904 63 9
905 37 75
906 46 84
907 11 85
908 72 84
909 52 30
910 86 66
911 30 97
912 35 63
913 78 5
914 62 3
915 45 63
916 20 59
917 59 84
918 43 37
919 14 1
920 63 84
921 85 73
922 53 54
923 39 98
924 20 65
925 25 47
926 44 26
927 48 89
928 51 34
929 95 36
930 44 88
931 58 57
932 16 69
933 15 50
934 9 67
935 85 88
936 34 18
937 59 59
938 51 18
939 74 17
940 13 41
941 64 98
942 6 98
943 69 29
944 12 65
945 80 51
946 41 29
947 24 28
948 44 82
949 36 58
950 23 77
951 48 92
952 18 76
953 95 64
954 95 29
955 39 9
956 62 76
957 12 44
958 38 6
959 67 76
960 51 39
961 66 67
962 33 20
963 12 62
964 24 70
965 9 65
966 69 51
967 37 78
968 72 75
969 32 34
970 87 87
971 49 89
972 36 87
973 53 54
974 91 58
975 39 78
976 42 76
977 26 28
978 13 43
979 34 38
980 97 17
981 72 87
982 39 43
983 86 85
984 44 62
985 51 42
986 1 86
987 98 28
988 66 35
989 71 73
990 46 90
991 73 84
992 37 39
993 90 52
994 5 54
995 64 25
996 6 52
997 9 58
998 79 79
999 78 83
1000 98 64